0 0.3510054844606947 0.08472803347280335 0.6106032906764168 0.06485355648535564
0 0.2760511882998172 0.1589958158995816 0.2303473491773309 0.05439330543933054
0 0.3619744058500914 0.20711297071129706 0.40585009140767825 0.050209205020920494
0 0.5 0.36610878661087864 0.9049360146252285 0.20083682008368198
0 0.273308957952468 0.5094142259414226 0.45521023765996343 0.048117154811715475
0 0.22943327239488118 0.5585774058577405 0.36380255941499084 0.050209205020920494
0 0.2696526508226691 0.6140167364016735 0.44424131627056673 0.05230125523012552
0 0.22943327239488118 0.6642259414225941 0.37477148080438755 0.05230125523012552
3 0.5073126142595978 0.7625523012552301 0.923217550274223 0.14016736401673638
3 0.5082266910420475 0.8964435146443513 0.9287020109689214 0.14853556485355648
4 0.10237659963436929 0.18933054393305437 0.08409506398537477 0.11924686192468618
