0 0.5607734806629835 0.12440191387559808 0.3848987108655617 0.07655502392344497
0 0.4401473296500921 0.20454545454545453 0.15469613259668508 0.06937799043062201
0 0.5239410681399632 0.2978468899521531 0.30755064456721914 0.10287081339712918
0 0.3876611418047882 0.4916267942583732 0.09023941068139964 0.050239234449760764
0 0.1556169429097606 0.49401913875598086 0.07918968692449356 0.05502392344497607
0 0.6151012891344383 0.4904306220095694 0.09208103130755065 0.057416267942583726
0 0.843462246777164 0.4916267942583732 0.10681399631675875 0.05502392344497607
0 0.1556169429097606 0.8421052631578947 0.06077348066298343 0.043062200956937795
0 0.3821362799263352 0.8421052631578947 0.06445672191528545 0.04784688995215311
0 0.6141804788213628 0.8456937799043062 0.06813996316758748 0.045454545454545456
0 0.848987108655617 0.8480861244019139 0.058931860036832415 0.050239234449760764
0 0.15377532228360957 0.8995215311004784 0.0570902394106814 0.05263157894736842
0 0.3858195211786372 0.9019138755980861 0.06445672191528545 0.06220095693779904
0 0.6197053406998159 0.9066985645933014 0.06077348066298343 0.06220095693779904
0 0.850828729281768 0.9031100478468899 0.06261510128913444 0.050239234449760764
4 0.20073664825046042 0.2583732057416268 0.30570902394106814 0.36363636363636365
4 0.15193370165745856 0.6686602870813397 0.2117863720073665 0.2511961722488038
4 0.3858195211786372 0.666267942583732 0.2117863720073665 0.2511961722488038
4 0.6123388581952118 0.666267942583732 0.2117863720073665 0.2511961722488038
4 0.8443830570902394 0.666267942583732 0.2117863720073665 0.2511961722488038
