0 0.21206581352833637 0.06818181818181818 0.16453382084095064 0.045454545454545456
0 0.22212065813528337 0.11363636363636365 0.1809872029250457 0.045454545454545456
0 0.170018281535649 0.18087121212121213 0.15356489945155394 0.043560606060606064
0 0.08683729433272395 0.23011363636363638 0.08226691042047532 0.03977272727272727
0 0.5219378427787934 0.06439393939393939 0.1590493601462523 0.04166666666666667
0 0.5383912248628885 0.11363636363636365 0.1809872029250457 0.06060606060606061
0 0.8409506398537477 0.06439393939393939 0.12431444241316271 0.04924242424242424
0 0.809872029250457 0.11647727272727273 0.05850091407678245 0.03598484848484849
0 0.6535648994515539 0.17613636363636365 0.5685557586837294 0.04924242424242424
0 0.6480804387568556 0.22443181818181818 0.4405850091407678 0.043560606060606064
0 0.6864716636197441 0.4024621212121212 0.5210237659963437 0.05113636363636364
0 0.573126142595978 0.45549242424242425 0.2870201096892139 0.054924242424242424
0 0.659963436928702 0.5340909090909091 0.5813528336380256 0.04166666666666667
0 0.6837294332723949 0.6259469696969697 0.5191956124314442 0.14204545454545456
0 0.10968921389396709 0.5293560606060607 0.14625228519195613 0.043560606060606064
0 0.14351005484460694 0.46117424242424243 0.1773308957952468 0.03598484848484849
0 0.07038391224862889 0.5738636363636364 0.08226691042047532 0.04166666666666667
4 0.42321755027422303 0.3143939393939394 0.10420475319926874 0.09848484848484848
4 0.5402193784277879 0.3143939393939394 0.10420475319926874 0.09848484848484848
4 0.6590493601462523 0.3125 0.10420475319926874 0.09848484848484848
4 0.6581352833638026 0.8248106060606061 0.5776965265082267 0.23295454545454547
4 0.09140767824497258 0.08049242424242424 0.051188299817184646 0.07765151515151515
4 0.7422303473491774 0.07859848484848485 0.051188299817184646 0.07765151515151515
4 0.40219378427787933 0.07859848484848485 0.051188299817184646 0.07765151515151515
