0 0.31433823529411764 0.03418230563002681 0.5772058823529411 0.030831099195710455
0 0.20955882352941177 0.07305630026809652 0.3897058823529412 0.030831099195710455
0 0.13602941176470587 0.10254691689008043 0.22058823529411764 0.022788203753351208
0 0.78125 0.08042895442359249 0.3639705882352941 0.045576407506702415
0 0.49080882352941174 0.13873994638069706 0.9227941176470588 0.022788203753351208
0 0.47058823529411764 0.1581769436997319 0.8897058823529411 0.01876675603217158
0 0.4797794117647059 0.17493297587131368 0.9007352941176471 0.01742627345844504
0 0.5036764705882353 0.19369973190348524 0.9485294117647058 0.012064343163538875
0 0.5073529411764706 0.20911528150134048 0.9485294117647058 0.0160857908847185
0 0.5073529411764706 0.22184986595174264 0.9485294117647058 0.01742627345844504
0 0.5110294117647058 0.24463806970509383 0.9705882352941176 0.030831099195710455
0 0.5036764705882353 0.29088471849865954 0.9558823529411764 0.032171581769437
0 0.4577205882352941 0.32171581769436997 0.8419117647058824 0.021447721179624665
0 0.4577205882352941 0.34584450402144773 0.7610294117647058 0.02412868632707775
0 0.4650735294117647 0.37332439678284185 0.7683823529411764 0.028150134048257374
0 0.2849264705882353 0.4014745308310992 0.46691176470588236 0.028150134048257374
0 0.11397058823529412 0.4343163538873995 0.1838235294117647 0.03753351206434316
0 0.4632352941176471 0.4691689008042896 0.8602941176470588 0.02412868632707775
0 0.46691176470588236 0.49463806970509383 0.8382352941176471 0.02680965147453083
0 0.28860294117647056 0.524798927613941 0.48161764705882354 0.022788203753351208
0 0.1213235294117647 0.5603217158176944 0.21323529411764705 0.03485254691689008
0 0.4632352941176471 0.5898123324396783 0.875 0.029490616621983913
0 0.2775735294117647 0.618632707774799 0.4889705882352941 0.03351206434316354
0 0.12316176470588235 0.6568364611260054 0.2463235294117647 0.040214477211796246
0 0.5091911764705882 0.7084450402144772 0.4963235294117647 0.022788203753351208
0 0.4889705882352941 0.7292225201072386 0.5514705882352942 0.02412868632707775
0 0.5514705882352942 0.7540214477211796 0.4338235294117647 0.02546916890080429
0 0.8511029411764706 0.7071045576407506 0.1875 0.028150134048257374
0 0.48161764705882354 0.7875335120643432 0.5735294117647058 0.03351206434316354
0 0.8584558823529411 0.7855227882037533 0.1801470588235294 0.02412868632707775
0 0.3786764705882353 0.8284182305630027 0.22794117647058823 0.02680965147453083
0 0.8308823529411764 0.8324396782841823 0.23529411764705882 0.02412868632707775
0 0.5 0.8525469168900804 0.8529411764705882 0.02680965147453083
0 0.5091911764705882 0.8833780160857909 0.8786764705882353 0.032171581769437
3 0.4944852941176471 0.9242627345844504 0.9154411764705882 0.036193029490616625
3 0.49816176470588236 0.9631367292225201 0.9301470588235294 0.036193029490616625
4 0.8253676470588235 0.03418230563002681 0.2463235294117647 0.02546916890080429
