0 0.1675874769797422 0.45801526717557256 0.26519337016574585 0.19847328244274812
0 0.20902394106813998 0.6463104325699746 0.3443830570902394 0.11704834605597965
0 0.20626151012891344 0.7684478371501273 0.3425414364640884 0.11195928753180662
0 0.2099447513812155 0.8638676844783716 0.3425414364640884 0.06870229007633588
0 0.5193370165745856 0.12849872773536897 0.1289134438305709 0.09414758269720103
0 0.8775322283609577 0.11959287531806617 0.1565377532228361 0.1068702290076336
0 0.5368324125230203 0.24427480916030536 0.16390423572744015 0.06615776081424937
0 0.8720073664825047 0.25318066157760816 0.1712707182320442 0.07379134860050891
0 0.565377532228361 0.3791348600508906 0.22099447513812157 0.178117048346056
0 0.8462246777163904 0.38295165394402036 0.2302025782688766 0.19083969465648856
3 0.7062615101289135 0.8651399491094148 0.5174953959484346 0.1628498727735369
3 0.7034990791896869 0.7022900763358779 0.5009208103130756 0.14758269720101783
4 0.2292817679558011 0.19338422391857507 0.421731123388582 0.2544529262086514
