0 0.16804979253112035 0.0641891891891892 0.2842323651452282 0.06756756756756757
0 0.4144190871369295 0.2660472972972973 0.49896265560165975 0.14358108108108109
0 0.4579875518672199 0.41385135135135137 0.5943983402489627 0.13513513513513514
0 0.35684647302904565 0.6342905405405406 0.19294605809128632 0.05236486486486487
0 0.3729253112033195 0.7111486486486487 0.22095435684647302 0.057432432432432436
0 0.7427385892116183 0.6326013513513514 0.22821576763485477 0.05574324324324324
0 0.7053941908713693 0.7077702702702703 0.15560165975103735 0.060810810810810814
0 0.22769709543568464 0.8885135135135136 0.12966804979253113 0.057432432432432436
0 0.08609958506224066 0.8842905405405406 0.09336099585062241 0.06587837837837839
4 0.0845435684647303 0.2719594594594595 0.10477178423236515 0.16891891891891891
4 0.8926348547717843 0.3293918918918919 0.1545643153526971 0.28378378378378377
4 0.5606846473029046 0.6672297297297297 0.09232365145228216 0.16554054054054054
4 0.1950207468879668 0.660472972972973 0.1016597510373444 0.17567567567567569
