0 0.1078838174273859 0.05392156862745098 0.17842323651452283 0.056372549019607844
0 0.4144190871369295 0.16544117647058823 0.49066390041493774 0.044117647058823525
0 0.44553941908713696 0.2420343137254902 0.5591286307053942 0.07965686274509803
0 0.24325726141078838 0.43995098039215685 0.13796680497925312 0.0392156862745098
0 0.3257261410788382 0.49754901960784315 0.3091286307053942 0.03676470588235294
0 0.25570539419087135 0.5502450980392157 0.17116182572614108 0.03676470588235294
0 0.6913900414937759 0.43995098039215685 0.13796680497925312 0.044117647058823525
0 0.7297717842323651 0.5 0.22717842323651452 0.041666666666666664
0 0.7852697095435685 0.5490196078431373 0.3360995850622407 0.044117647058823525
0 0.2183609958506224 0.6678921568627451 0.1690871369294606 0.049019607843137254
0 0.491701244813278 0.7493872549019608 0.9356846473029046 0.09681372549019608
0 0.08091286307053942 0.9178921568627451 0.0975103734439834 0.05392156862745098
0 0.25103734439834025 0.9129901960784313 0.13485477178423236 0.05392156862745098
0 0.5596473029045643 0.9178921568627451 0.28734439834024894 0.058823529411764705
4 0.10892116182572614 0.4883578431372549 0.1037344398340249 0.1090686274509804
4 0.8890041493775933 0.24448529411764705 0.16182572614107885 0.18995098039215685
4 0.08402489626556017 0.19730392156862744 0.10580912863070539 0.11519607843137254
4 0.0783195020746888 0.6629901960784313 0.09439834024896265 0.0392156862745098
4 0.37603734439834025 0.9166666666666666 0.05912863070539419 0.024509803921568627
