0 0.4744525547445255 0.09480519480519481 0.8613138686131386 0.1012987012987013
0 0.35583941605839414 0.18571428571428572 0.4197080291970803 0.05974025974025974
0 0.531934306569343 0.261038961038961 0.7755474452554745 0.08571428571428572
0 0.17791970802919707 0.34805194805194806 0.2864963503649635 0.06753246753246753
0 0.354014598540146 0.42467532467532465 0.6386861313868613 0.06493506493506493
0 0.46441605839416056 0.5194805194805194 0.8740875912408759 0.11948051948051948
0 0.291970802919708 0.6168831168831169 0.5291970802919708 0.06493506493506493
0 0.36496350364963503 0.6831168831168831 0.6642335766423357 0.06233766233766234
0 0.06843065693430657 0.7415584415584415 0.06386861313868612 0.05974025974025974
3 0.49452554744525545 0.8649350649350649 0.9197080291970803 0.15584415584415584
