0 0.18623853211009175 0.07541322314049587 0.28440366972477066 0.06404958677685951
0 0.3174311926605505 0.14256198347107438 0.5577981651376147 0.04132231404958678
0 0.23486238532110093 0.19524793388429754 0.3889908256880734 0.05991735537190083
0 0.22110091743119267 0.2706611570247934 0.3614678899082569 0.06198347107438017
0 0.18440366972477065 0.3305785123966942 0.29174311926605506 0.045454545454545456
0 0.20091743119266056 0.384297520661157 0.3137614678899083 0.05785123966942149
0 0.26238532110091745 0.45764462809917356 0.45504587155963305 0.05578512396694215
0 0.21376146788990827 0.5258264462809917 0.3504587155963303 0.04338842975206612
0 0.21100917431192662 0.5743801652892562 0.3302752293577982 0.05785123966942149
0 0.1018348623853211 0.6508264462809917 0.13394495412844037 0.05785123966942149
0 0.30000000000000004 0.7179752066115702 0.5119266055045872 0.06404958677685951
0 0.20917431192660552 0.7716942148760331 0.3339449541284404 0.03925619834710744
0 0.27798165137614683 0.847107438016529 0.47155963302752296 0.05785123966942149
0 0.27155963302752295 0.9070247933884298 0.46972477064220186 0.049586776859504134
0 0.24770642201834864 0.9576446280991736 0.4036697247706422 0.047520661157024795
4 0.9027522935779817 0.0981404958677686 0.09541284403669725 0.1012396694214876
4 0.9027522935779817 0.6694214876033058 0.09541284403669725 0.10330578512396695
4 0.9018348623853212 0.4803719008264463 0.09357798165137615 0.1012396694214876
4 0.9036697247706422 0.2913223140495868 0.09357798165137615 0.10330578512396695
4 0.9036697247706422 0.862603305785124 0.09724770642201835 0.1012396694214876
