0 0.17241379310344826 0.06049004594180705 0.2540834845735027 0.03828483920367535
0 0.24500907441016334 0.09800918836140889 0.3956442831215971 0.03981623277182236
0 0.8357531760435571 0.07350689127105667 0.2304900181488203 0.05206738131699847
0 0.17241379310344826 0.1531393568147014 0.2540834845735027 0.042879019908116385
0 0.2540834845735027 0.19601837672281777 0.4246823956442831 0.042879019908116385
0 0.20326678765880218 0.24655436447166923 0.33393829401088926 0.033690658499234305
0 0.0925589836660617 0.28254211332312407 0.1161524500907441 0.04134762633996937
0 0.22141560798548093 0.3392036753445636 0.3484573502722323 0.0444104134762634
0 0.19147005444646098 0.37978560490045943 0.2958257713248639 0.042879019908116385
0 0.22232304900181488 0.4295558958652374 0.3539019963702359 0.04134762633996937
0 0.19419237749546278 0.4747320061255743 0.294010889292196 0.045941807044410414
0 0.22413793103448276 0.5283307810107197 0.3684210526315789 0.036753445635528334
0 0.19419237749546278 0.5643185298621746 0.30490018148820325 0.03522205206738132
0 0.21869328493647913 0.6209800918836141 0.3502722323049002 0.03215926493108729
0 0.19328493647912884 0.6577335375191424 0.30671506352087113 0.03522205206738132
0 0.22323049001814882 0.7098009188361409 0.36660617059891104 0.0444104134762634
0 0.19600725952813067 0.7526799387442573 0.3012704174228675 0.0444104134762634
0 0.22413793103448276 0.8062787136294028 0.36479128856624315 0.03828483920367535
0 0.1896551724137931 0.8437978560490046 0.29945553539019965 0.033690658499234305
0 0.2159709618874773 0.8996937212863706 0.36660617059891104 0.04134762633996937
0 0.22595281306715062 0.94104134762634 0.39019963702359345 0.03215926493108729
0 0.8411978221415608 0.166156202143951 0.23774954627949182 0.05053598774885146
0 0.8448275862068965 0.2626339969372129 0.22686025408348456 0.03828483920367535
0 0.8330308529945554 0.35758039816232773 0.2577132486388385 0.0444104134762634
0 0.8411978221415608 0.4548238897396631 0.23411978221415608 0.05206738131699847
0 0.8339382940108893 0.5398162327718223 0.24863883847549909 0.0444104134762634
0 0.8393829401088929 0.6362940275650842 0.24863883847549909 0.0444104134762634
0 0.8312159709618875 0.723583460949464 0.24319419237749546 0.05053598774885146
0 0.8330308529945554 0.8238897396630934 0.2395644283121597 0.036753445635528334
0 0.8275862068965517 0.9104134762633997 0.2323049001814882 0.04747320061255743
