0 0.141804788213628 0.07984790874524715 0.2099447513812155 0.053231939163498096
0 0.13720073664825047 0.13878326996197718 0.19337016574585636 0.03802281368821293
0 0.18784530386740333 0.18916349809885932 0.283609576427256 0.039923954372623575
0 0.14640883977900554 0.23479087452471484 0.20810313075506445 0.04752851711026616
0 0.1270718232044199 0.3269961977186312 0.15837937384898712 0.034220532319391636
0 0.2412523020257827 0.373574144486692 0.39042357274401474 0.051330798479087454
0 0.15930018416206262 0.44106463878326996 0.2412523020257827 0.03802281368821293
0 0.8683241252302026 0.44106463878326996 0.18968692449355434 0.04182509505703422
0 0.11970534069981584 0.5085551330798479 0.15469613259668508 0.0779467680608365
0 0.8802946593001842 0.5057034220532319 0.16206261510128914 0.07224334600760456
0 0.13259668508287292 0.6226235741444867 0.18047882136279927 0.039923954372623575
0 0.24677716390423574 0.6663498098859315 0.4125230202578269 0.043726235741444866
0 0.143646408839779 0.7404942965779467 0.20257826887661143 0.039923954372623575
0 0.8480662983425414 0.7319391634980988 0.24861878453038674 0.04182509505703422
0 0.1252302025782689 0.7994296577946768 0.17679558011049723 0.06653992395437262
0 0.8867403314917127 0.8022813688212928 0.1565377532228361 0.06844106463878327
0 0.10313075506445672 0.9182509505703422 0.1141804788213628 0.060836501901140684
0 0.861878453038674 0.9220532319391634 0.21731123388581952 0.06844106463878327
4 0.503683241252302 0.5076045627376425 0.09392265193370167 0.07984790874524715
4 0.503683241252302 0.8003802281368821 0.09392265193370167 0.07984790874524715
