0 0.22350356946732564 0.08716265499635303 0.16694124107633168 0.05324580598103574
0 0.2729269632070291 0.13530269876002918 0.2624931356397584 0.043034281546316555
0 0.2968149368478858 0.23340627279358134 0.5299286106534871 0.05397520058351568
0 0.2012630422844591 0.31692195477753465 0.33772652388797364 0.045951859956236324
0 0.20620538165842944 0.6188913202042305 0.3443163097199341 0.05616338439095551
0 0.1271279516749039 0.6921954777534647 0.18396485447556288 0.0787746170678337
0 0.14744645799011533 0.8070751276440554 0.23448654585392642 0.05616338439095551
0 0.11394838001098298 0.8822027716994895 0.15321252059308071 0.06783369803063458
0 0.7742998352553542 0.6225382932166302 0.21087314662273476 0.043034281546316555
0 0.7704557935200439 0.6907366885485048 0.19769357495881384 0.0787746170678337
0 0.7885777045579352 0.8158278628738147 0.22295442064799562 0.043034281546316555
0 0.7663371773750687 0.8778264040846098 0.17957166392092258 0.06053975200583516
4 0.07468423942888523 0.10466812545587163 0.0757825370675453 0.09846827133479212
4 0.7737506864360242 0.11524434719183078 0.04612850082372323 0.061269146608315096
4 0.8602416254805052 0.11232676878191102 0.044481054365733116 0.055433989788475566
4 0.9494783086216365 0.11232676878191102 0.028555738605162 0.05981035740335522
4 0.30367929708951125 0.43180160466812545 0.528281164195497 0.16192560175054704
4 0.2616694124107633 0.6808898614150255 0.02471169686985173 0.037199124726477024
4 0.899231191652938 0.8763676148796499 0.02471169686985173 0.037199124726477024
4 0.898682042833608 0.6838074398249453 0.02471169686985173 0.037199124726477024
4 0.2589236683141131 0.87563822027717 0.02471169686985173 0.037199124726477024
