0 0.22317006053935057 0.08268275372604685 0.17776554760594385 0.051809794180269694
0 0.2718767198679141 0.13591199432221435 0.2663731425426527 0.050390347764371894
0 0.24353329664281784 0.23385379701916253 0.4353329664281783 0.0631653655074521
0 0.21298844248761695 0.3513129879347055 0.31040176114474405 0.0454222853087296
0 0.1062190423775454 0.4162526614620298 0.1023665382498624 0.058907026259758695
0 0.8472757292239955 0.4315117104329312 0.1546505228398459 0.0511000709723208
0 0.2228948816730875 0.5773598296664301 0.3214089157952669 0.0432931156848829
0 0.14364336818932305 0.6362668559261888 0.16180517336268574 0.0674237047551455
0 0.8475509080902587 0.6522356281050391 0.13979086406164007 0.0511000709723208
0 0.2030820033021464 0.794889992902768 0.28508530544854155 0.0454222853087296
0 0.10264171711612548 0.8498935415188077 0.08420473307649973 0.0631653655074521
0 0.8552559163456246 0.8779276082327893 0.16070445789763346 0.049680624556423
4 0.07347275729223995 0.10078069552874379 0.0787011557512383 0.09794180269694819
4 0.7705008255365987 0.1114265436479773 0.03852504127682994 0.0539389638041164
4 0.9460649422124381 0.1078779276082328 0.03852504127682994 0.0539389638041164
4 0.8591084204733076 0.1085876508161817 0.04292790313703907 0.0553584102200142
4 0.8976334617501376 0.3779276082327892 0.02531645569620253 0.0347764371894961
4 0.8965327462850853 0.8172462739531583 0.02531645569620253 0.0347764371894961
4 0.895707209686296 0.592264017033357 0.023665382498624106 0.0333569907735983
