0 0.22372041827187672 0.08666666666666666 0.1733626857457347 0.056296296296296296
0 0.2762795817281233 0.14444444444444443 0.2817831590533847 0.05481481481481481
0 0.2710511832691249 0.24037037037037035 0.4815630159603742 0.0674074074074074
0 0.21959273527793063 0.40148148148148144 0.1441937259218492 0.056296296296296296
0 0.2922399559713814 0.5459259259259259 0.3037974683544304 0.057777777777777775
0 0.21574023115024765 0.6959259259259258 0.13979086406164007 0.05555555555555555
0 0.24133186571271326 0.8488888888888888 0.1887727022564667 0.057777777777777775
0 0.8893780957622455 0.39999999999999997 0.05943863511282333 0.06222222222222222
0 0.8871766648321409 0.5448148148148148 0.06384149697303247 0.06592592592592593
0 0.8899284534947716 0.7077777777777777 0.06494221243808475 0.06296296296296296
0 0.8852504127682994 0.857037037037037 0.05888827738029719 0.06518518518518518
4 0.10484314804623004 0.39888888888888885 0.048981838194826634 0.06444444444444444
4 0.10594386351128234 0.547037037037037 0.048981838194826634 0.06444444444444444
4 0.10594386351128234 0.6944444444444444 0.048981838194826634 0.06444444444444444
4 0.10594386351128234 0.8448148148148148 0.048981838194826634 0.06444444444444444
4 0.9479911942762795 0.11518518518518518 0.048981838194826634 0.06444444444444444
4 0.8571821684094661 0.11518518518518518 0.04678040726472207 0.06148148148148148
4 0.7691249312052834 0.11444444444444443 0.048981838194826634 0.06444444444444444
4 0.07429829389102917 0.10592592592592592 0.07705008255365987 0.10222222222222221
