0 0.22234452394056137 0.07037037037037036 0.170610897083104 0.04273504273504273
0 0.2735277930654926 0.10997150997150996 0.27738029719317553 0.031908831908831904
0 0.19812878370941112 0.18148148148148147 0.3511282333516786 0.05071225071225071
0 0.3937809576224546 0.30769230769230765 0.2999449642267474 0.041025641025641026
0 0.3943313153549807 0.34729344729344724 0.30985140341221795 0.035897435897435895
0 0.35167859108420474 0.3886039886039886 0.21794166208035223 0.039886039886039885
0 0.1373142542652724 0.47578347578347574 0.1469455145844799 0.035327635327635325
0 0.48046230049532196 0.5641025641025641 0.8288387451843698 0.10256410256410256
0 0.11612548156301596 0.6763532763532764 0.10016510731975783 0.038746438746438745
0 0.28673637864611995 0.7327635327635327 0.4413869014859659 0.04672364672364672
4 0.07292239955971382 0.0792022792022792 0.07760044028618601 0.07521367521367521
4 0.14116675839295542 0.345014245014245 0.14254265272427077 0.14757834757834756
4 0.7705008255365987 0.0886039886039886 0.04182718767198679 0.041595441595441596
4 0.8602091359383599 0.08632478632478632 0.044028618602091354 0.04615384615384615
4 0.9457897633461749 0.08831908831908832 0.03907539900935608 0.04558404558404558
