0 0.22124380847550906 0.1105904404873477 0.16730875068794715 0.07310215557638239
0 0.27738029719317553 0.17432052483598875 0.2806824435883324 0.056232427366447985
0 0.3236103467253715 0.302717900656045 0.585580627407815 0.09184629803186505
0 0.1213538800220143 0.49109653233364575 0.08970831040176114 0.06373008434864105
0 0.23059988992845348 0.5824742268041238 0.2971931755641167 0.06841611996251172
0 0.1593285635663181 0.6991565135895033 0.16565767749036872 0.056232427366447985
0 0.21271326362135387 0.7891283973758201 0.2735277930654926 0.07497656982193066
4 0.07429829389102917 0.1358950328022493 0.07705008255365987 0.13683223992502344
4 0.7691249312052834 0.1485473289597001 0.0445789763346175 0.07591377694470477
4 0.8613098514034122 0.14526710402999063 0.04182718767198679 0.07310215557638239
4 0.9471656576774904 0.1429240862230553 0.03962575674188222 0.07778819119025304
4 0.8241607044578976 0.6565135895032802 0.11612548156301596 0.1752577319587629
