0 0.2162905888827738 0.09782608695652174 0.1507980187121629 0.06869565217391305
0 0.26884975233902036 0.16391304347826088 0.2625206384149697 0.060000000000000005
0 0.18134287286736378 0.2773913043478261 0.3054485415520088 0.08
0 0.10539350577875618 0.4639130434782609 0.09411117226197027 0.09478260869565218
0 0.4157952669235003 0.4678260869565218 0.08310401761144744 0.08695652173913043
0 0.7460099064391854 0.471304347826087 0.07649972482113374 0.08869565217391305
0 0.10539350577875618 0.782608695652174 0.08310401761144744 0.09739130434782609
0 0.4144193725921849 0.7817391304347826 0.08145294441386901 0.08695652173913043
0 0.7614199229499174 0.7865217391304348 0.10731975784259769 0.08260869565217392
0 0.14667033571821683 0.5556521739130434 0.16895982388552558 0.05739130434782609
0 0.4661529994496422 0.552608695652174 0.18271876719867913 0.051304347826086956
0 0.8161805173362685 0.551304347826087 0.22234452394056137 0.059130434782608696
0 0.15575123830489818 0.8665217391304348 0.17831590533847 0.04956521739130435
0 0.47826086956521735 0.8726086956521739 0.1992294991744634 0.05478260869565218
0 0.810401761144744 0.8708695652173913 0.2096862960924601 0.04956521739130435
4 0.07429829389102917 0.12434782608695652 0.07705008255365987 0.12000000000000001
4 0.7705008255365987 0.13478260869565217 0.03852504127682994 0.06608695652173913
4 0.7694001100715465 0.13304347826086957 0.03852504127682994 0.06608695652173913
4 0.7682993946064942 0.13130434782608696 0.03852504127682994 0.06608695652173913
4 0.8602091359383599 0.13260869565217392 0.044028618602091354 0.07043478260869565
4 0.9455145844799119 0.1334782608695652 0.044028618602091354 0.07043478260869565
