0 0.21794166208035223 0.11414634146341464 0.1518987341772152 0.0702439024390244
0 0.2771051183269125 0.18097560975609756 0.2691249312052834 0.06146341463414634
0 0.24545954870665931 0.32146341463414635 0.42927903137039075 0.1024390243902439
0 0.34975233902036323 0.49365853658536585 0.11392405063291139 0.058536585365853655
0 0.895707209686296 0.49073170731707316 0.10511832691249312 0.06829268292682927
0 0.3833241607044579 0.5614634146341464 0.1810676940011007 0.06536585365853659
0 0.8472757292239955 0.5575609756097561 0.1755641166758393 0.0575609756097561
0 0.1414419372592185 0.7702439024390244 0.1651073197578426 0.09463414634146342
0 0.647771051183269 0.7536585365853659 0.18712162905888827 0.05365853658536585
0 0.15162355531095212 0.8692682926829268 0.1755641166758393 0.0721951219512195
0 0.6469455145844799 0.8185365853658536 0.18987341772151897 0.06634146341463415
4 0.07374793615850303 0.13853658536585367 0.0759493670886076 0.13463414634146342
4 0.7688497523390203 0.14878048780487804 0.04182718767198679 0.07121951219512195
4 0.860484314804623 0.15024390243902438 0.04567969179966978 0.08
4 0.9455145844799119 0.14926829268292682 0.03742432581177765 0.07804878048780488
