0 0.21931755641166759 0.13369304556354916 0.1601541001651073 0.08992805755395683
0 0.2718767198679141 0.223621103117506 0.26857457347275726 0.08513189448441247
0 0.1678591084204733 0.3932853717026379 0.27848101265822783 0.10311750599520383
0 0.13291139240506328 0.7002398081534772 0.13263621353880023 0.13908872901678657
0 0.38167308750687945 0.697841726618705 0.10071546505228399 0.13908872901678657
0 0.6183269124931206 0.6996402877697842 0.12383048981838195 0.13788968824940048
0 0.8736929003852504 0.6984412470023981 0.11392405063291139 0.15227817745803357
0 0.12850853054485414 0.8579136690647482 0.12493120528343422 0.0803357314148681
0 0.37919647771051185 0.856714628297362 0.13538800220143093 0.08273381294964029
0 0.6298844248761695 0.856714628297362 0.13263621353880023 0.07553956834532373
0 0.8778205833791964 0.8513189448441246 0.1298844248761695 0.06954436450839328
4 0.07374793615850303 0.16666666666666666 0.0759493670886076 0.16546762589928057
4 0.771326362135388 0.17625899280575538 0.040176114474408366 0.0935251798561151
4 0.9457897633461749 0.17985611510791366 0.040176114474408366 0.0935251798561151
4 0.8610346725371492 0.17865707434052758 0.04237754540451293 0.0935251798561151
