0 0.8571428571428571 0.08293838862559243 0.20512820512820512 0.06161137440758294
0 0.8379120879120879 0.15639810426540285 0.2509157509157509 0.07109004739336494
0 0.14835164835164835 0.28791469194312796 0.2087912087912088 0.05924170616113744
0 0.9111721611721612 0.2902843601895735 0.08241758241758242 0.05450236966824645
0 0.1382783882783883 0.3601895734597157 0.19230769230769232 0.05687203791469195
0 0.17857142857142858 0.42298578199052134 0.27289377289377287 0.06872037914691943
0 0.1391941391941392 0.49763033175355453 0.20146520146520147 0.06635071090047394
0 0.9221611721611722 0.3590047393364929 0.07142857142857142 0.04976303317535545
0 0.9203296703296703 0.4241706161137441 0.06776556776556776 0.05213270142180095
0 0.923992673992674 0.49289099526066354 0.07509157509157509 0.06161137440758294
0 0.10164835164835165 0.6066350710900474 0.1227106227106227 0.06161137440758294
0 0.5045787545787546 0.6078199052132702 0.152014652014652 0.05924170616113744
0 0.8956043956043956 0.6078199052132702 0.1391941391941392 0.05450236966824645
0 0.10897435897435898 0.6777251184834123 0.13736263736263737 0.05213270142180095
0 0.5045787545787546 0.6753554502369669 0.17399267399267399 0.047393364928909956
0 0.8745421245421245 0.6777251184834123 0.163003663003663 0.05687203791469195
0 0.1391941391941392 0.79739336492891 0.18681318681318682 0.05450236966824645
0 0.8406593406593407 0.7962085308056872 0.23443223443223443 0.05213270142180095
0 0.12362637362637363 0.8827014218009479 0.15567765567765568 0.08767772511848342
0 0.8836996336996337 0.8791469194312796 0.1446886446886447 0.09478672985781991
4 0.0989010989010989 0.11966824644549764 0.10256410256410256 0.11611374407582939
4 0.5 0.8483412322274883 0.09523809523809523 0.1042654028436019
