0 0.217116125481563 0.07085146053449347 0.15244909190974132 0.048477315102548164
0 0.26802421574023116 0.1168427594779366 0.26527242707760046 0.04101926662523306
0 0.17446340121078702 0.20727159726538222 0.2949917446340121 0.049098819142324425
0 0.29416620803522286 0.3570540708514605 0.17006053935057788 0.040397762585456805
0 0.37506879471656573 0.4061528899937849 0.3329664281783159 0.047855811062771904
0 0.2845349477160154 0.5894965817277812 0.15960374243258119 0.04288377874456184
0 0.37974683544303794 0.6351771286513362 0.3577325261419923 0.043505282784338094
0 0.27132636213538797 0.8166563082660037 0.1309851403412218 0.044748290863890615
0 0.3395707209686296 0.86544437538844 0.267473858007705 0.04661280298321939
4 0.07347275729223995 0.08825357364822871 0.07319757842597688 0.08203853325046612
4 0.7718767198679142 0.0966438781852082 0.03907539900935608 0.04536979490366687
4 0.9468904788112272 0.09602237414543194 0.036873968079251515 0.05034182722187694
4 0.860759493670886 0.09446861404599129 0.04292790313703907 0.0509633312616532
4 0.11529994496422674 0.3862647607209447 0.11172261970280682 0.127408328154133
4 0.1186020913593836 0.8480422622747047 0.11172261970280682 0.127408328154133
4 0.11640066042927903 0.6137352392790553 0.11172261970280682 0.127408328154133
