0 0.2342119714442614 0.06704260651629072 0.18616144975288304 0.05137844611528822
0 0.26688632619439867 0.1212406015037594 0.2602965403624382 0.05075187969924812
0 0.18945634266886327 0.23088972431077692 0.32289950576606263 0.06203007518796992
0 0.3042284459088413 0.36027568922305764 0.19549697968149368 0.042606516290726815
0 0.37369577155409117 0.4088345864661654 0.33662822624931354 0.03696741854636591
0 0.2847336628226249 0.5942982456140351 0.1598023064250412 0.03696741854636591
0 0.36628226249313567 0.6359649122807017 0.3294892915980231 0.043859649122807015
0 0.299286106534871 0.8223684210526315 0.19549697968149368 0.03822055137844611
0 0.342943437671609 0.8699874686716792 0.2904997254255903 0.046992481203007516
4 0.07440966501922021 0.08928571428571427 0.0785282811641955 0.08834586466165413
4 0.7682591982427238 0.09617794486215539 0.04173531026908292 0.046992481203007516
4 0.9445359692476661 0.09649122807017543 0.03953871499176277 0.05012531328320802
4 0.8596924766611752 0.09586466165413533 0.04557935200439319 0.05012531328320802
4 0.11916529379461835 0.3865914786967418 0.114222954420648 0.12656641604010024
4 0.12163646348160352 0.8511904761904762 0.11477210323997804 0.12969924812030076
4 0.11943986820428336 0.6196741854636592 0.11367380560131796 0.12781954887218044
