0 0.2380297193175564 0.09550118389897395 0.19207484865162355 0.050513022888713496
0 0.27160154100165107 0.15232833464877663 0.27132636213538797 0.06156274664561957
0 0.15437534397358282 0.26400947119179163 0.2515134837644469 0.05761641673243883
0 0.10566868464501926 0.3389897395422257 0.14639515685195376 0.043409629044988164
0 0.1527242707760044 0.38792423046566693 0.23390203632361034 0.05445935280189424
0 0.07182168409466153 0.4960536700868193 0.09411117226197027 0.04656669297553275
0 0.25288937809576223 0.5489344909234412 0.44193725921849203 0.049723756906077346
0 0.0825536598789213 0.6898184688239937 0.10016510731975783 0.04419889502762431
0 0.2484865162355531 0.7458563535911602 0.43313153549807376 0.056827150749802685
0 0.7421574023115024 0.3531965272296764 0.13703907539900936 0.04656669297553275
0 0.740781507980187 0.40568271507498027 0.13208585580627408 0.04577742699289661
0 0.8013208585580627 0.494869771112865 0.25316455696202533 0.0489344909234412
0 0.7138139790864061 0.5441988950276243 0.0759493670886076 0.041831097079715863
3 0.5066042927903137 0.8898973954222573 0.48596587782058337 0.1286503551696922
4 0.07347275729223995 0.11128650355169692 0.07319757842597688 0.10891870560378848
4 0.7688497523390203 0.11996842936069456 0.04182718767198679 0.056827150749802685
4 0.9474408365437534 0.11917916337805841 0.04127682993946065 0.06314127861089187
4 0.860759493670886 0.12036306235201263 0.04292790313703907 0.06708760852407261
