0 0.2352779306549257 0.09731543624161074 0.18987341772151897 0.053691275167785234
0 0.27132636213538797 0.15813758389261745 0.26417171161254815 0.05285234899328859
0 0.12272977435332966 0.2726510067114094 0.1849201981287837 0.05704697986577181
0 0.16730875068794715 0.412751677852349 0.20693450742982938 0.0587248322147651
0 0.25399009356081453 0.4945469798657718 0.17006053935057788 0.05620805369127517
0 0.31920748486516237 0.5612416107382551 0.29168959823885526 0.06208053691275168
0 0.13401210787011558 0.7432885906040269 0.17226197028068244 0.050335570469798654
0 0.4724821133736929 0.7462248322147651 0.1337369290038525 0.0511744966442953
0 0.8225096312603192 0.7378355704697986 0.2019812878370941 0.061241610738255035
0 0.16620803522289487 0.8204697986577181 0.2399559713813979 0.087248322147651
0 0.4953219592735278 0.8271812080536912 0.170610897083104 0.09228187919463086
0 0.8035222894881673 0.8183724832214765 0.1728123280132086 0.08640939597315436
4 0.07374793615850303 0.11786912751677853 0.0759493670886076 0.11325503355704698
4 0.771326362135388 0.12709731543624161 0.040176114474408366 0.05453020134228188
4 0.8613098514034122 0.12709731543624161 0.044028618602091354 0.06795302013422819
4 0.9479911942762795 0.12961409395973153 0.040176114474408366 0.07130872483221476
4 0.10539350577875618 0.5218120805369127 0.08310401761144744 0.12248322147651007
