0 0.24298293891029168 0.08646616541353384 0.2019812878370941 0.04661654135338346
0 0.2691249312052834 0.1387218045112782 0.26307099614749585 0.05338345864661655
0 0.23885525591634563 0.24022556390977445 0.41386901485965877 0.048872180451127824
0 0.2275729223995597 0.29586466165413533 0.4012107870115575 0.0518796992481203
0 0.18464501926252064 0.41203007518796997 0.10842047330764996 0.04511278195488722
0 0.8260869565217391 0.40977443609022557 0.2124380847550908 0.049624060150375945
0 0.22922399559713813 0.4947368421052632 0.1810676940011007 0.05714285714285715
0 0.23115024766097964 0.5917293233082707 0.18161805173362686 0.06165413533834587
0 0.2619702806824436 0.6830827067669173 0.2553659878921299 0.056390977443609026
0 0.24793615850302697 0.7796992481203008 0.2096862960924601 0.05714285714285715
0 0.2256466703357182 0.8721804511278196 0.17721518987341772 0.049624060150375945
0 0.8354430379746836 0.49586466165413534 0.048431480462300495 0.048872180451127824
0 0.8357182168409466 0.5913533834586466 0.0511832691249312 0.0518796992481203
0 0.8365437534397357 0.6868421052631579 0.05063291139240506 0.05338345864661655
0 0.8346175013758943 0.7823308270676692 0.05008255365987892 0.0443609022556391
0 0.8357182168409466 0.8751879699248121 0.05448541552008806 0.058646616541353384
4 0.07429829389102917 0.10789473684210527 0.07705008255365987 0.10751879699248121
4 0.7696752889378096 0.11691729323308271 0.043478260869565216 0.06090225563909775
4 0.8599339570720969 0.11541353383458647 0.0445789763346175 0.06390977443609024
4 0.9457897633461749 0.1142857142857143 0.04237754540451293 0.06165413533834587
4 0.09053384700055035 0.4939849624060151 0.053384700055035775 0.06766917293233084
4 0.08943313153549808 0.8729323308270677 0.053384700055035775 0.06766917293233084
4 0.08668134287286736 0.7789473684210527 0.053384700055035775 0.06766917293233084
4 0.08888277380297192 0.6819548872180452 0.053384700055035775 0.06766917293233084
4 0.08888277380297192 0.5902255639097744 0.053384700055035775 0.06766917293233084
