0 0.2380297193175564 0.07147477360931437 0.1953769950467804 0.044631306597671415
0 0.27132636213538797 0.12095730918499355 0.26967528893780957 0.04269081500646831
0 0.23747936158503027 0.20795601552393275 0.4166208035222895 0.03816300129366106
0 0.23170060539350576 0.25582147477360934 0.40726472206934505 0.047218628719275554
0 0.13318657127132635 0.36739974126778785 0.10126582278481013 0.05562742561448901
0 0.13593835993395706 0.4731565329883571 0.10346725371491469 0.05109961190168176
0 0.13043478260869565 0.5675937904269082 0.0825536598789213 0.04592496765847348
0 0.13043478260869565 0.6587968952134541 0.09025866813428729 0.04592496765847348
0 0.13869014859658776 0.7496765847347996 0.0957622454595487 0.040103492884864166
0 0.17006053935057788 0.8421733505821476 0.15850302696752888 0.04915912031047866
0 0.6359383599339571 0.369987063389392 0.24380847550908089 0.059508408796895215
0 0.6329113924050632 0.47283311772315656 0.06274078150798018 0.054333764553686936
0 0.6323610346725371 0.572445019404916 0.05943863511282333 0.05562742561448901
0 0.6329113924050632 0.6578266494178526 0.06274078150798018 0.04786545924967659
0 0.6337369290038525 0.7441785252263907 0.06439185470555861 0.05109961190168176
0 0.6351128233351678 0.8392626131953429 0.05613648871766648 0.05368693402328591
4 0.07429829389102917 0.092496765847348 0.07705008255365987 0.08926261319534283
4 0.7696752889378096 0.10122897800776197 0.043478260869565216 0.047218628719275554
4 0.9455145844799119 0.09993531694695991 0.04292790313703907 0.05756791720569211
4 0.8621353880022014 0.09993531694695991 0.04567969179966978 0.05109961190168176
4 0.720693450742983 0.4747736093143597 0.02806824435883324 0.03492884864165589
4 0.7195927352779307 0.8402328589909445 0.02806824435883324 0.03492884864165589
4 0.7201430930104568 0.7470892626131954 0.02806824435883324 0.03492884864165589
4 0.7201430930104568 0.6578266494178526 0.02806824435883324 0.03492884864165589
4 0.720693450742983 0.572445019404916 0.02806824435883324 0.03492884864165589
