0 0.23500275178866262 0.06065400843881856 0.2058337919647771 0.03797468354430379
0 0.2727022564667034 0.10126582278481011 0.26692350027517886 0.03481012658227848
0 0.1601541001651073 0.16983122362869196 0.259768849752339 0.03691983122362869
0 0.11750137589433131 0.20886075949367086 0.17006053935057788 0.03375527426160337
0 0.20748486516235554 0.33280590717299574 0.14199229499174462 0.050632911392405056
0 0.27765547605943863 0.5168776371308016 0.28233351678591084 0.05485232067510548
0 0.2930654925701706 0.6943565400843881 0.30764997248211334 0.06276371308016877
0 0.22619702806824435 0.870253164556962 0.19812878370941112 0.06434599156118143
0 0.8970831040176114 0.3035337552742616 0.07154650522839846 0.04588607594936708
0 0.8979086406164006 0.3528481012658228 0.06108970831040176 0.03691983122362869
0 0.8959823885525592 0.4886603375527426 0.06934507429829388 0.03744725738396624
0 0.9050632911392404 0.5334915611814346 0.0445789763346175 0.030063291139240503
0 0.8902036323610346 0.669831223628692 0.06659328563566318 0.035864978902953586
0 0.8830489818381948 0.7125527426160337 0.085305448541552 0.03375527426160337
0 0.8885525591634562 0.8507383966244725 0.06769400110071547 0.03375527426160337
0 0.8871766648321409 0.8892405063291139 0.07044578976334617 0.03481012658227848
4 0.07429829389102917 0.0746308016877637 0.0748486516235553 0.07436708860759493
4 0.7688497523390203 0.08175105485232066 0.04182718767198679 0.040084388185654005
4 0.9479911942762795 0.08122362869198312 0.040176114474408366 0.04113924050632911
4 0.8621353880022014 0.08069620253164557 0.04567969179966978 0.043248945147679324
4 0.0996147495872317 0.3335970464135021 0.020913593835993394 0.05010548523206751
4 0.09823885525591634 0.5142405063291139 0.04788112272977435 0.032700421940928266
4 0.09906439185470556 0.8720991561181434 0.04623004953219593 0.03533755274261603
4 0.09906439185470556 0.6893459915611814 0.048431480462300495 0.044303797468354424
