0 0.23582828838745185 0.07352005092297899 0.19317556411667583 0.046467218332272436
0 0.2762795817281233 0.11966900063653722 0.267473858007705 0.04583068109484405
0 0.18987341772151897 0.20591979630808402 0.3225096312603192 0.03882877148313176
0 0.11309851403412217 0.25079567154678545 0.1612548156301596 0.036919159770846595
0 0.10209135938359934 0.3577339274347549 0.15354980737479362 0.05219605346912794
0 0.5489818381948266 0.35550604710375555 0.1062190423775454 0.043921069382558874
0 0.8844248761695102 0.362826225334182 0.15299944964226747 0.05346912794398472
0 0.1623555310952119 0.47167409293443663 0.267473858007705 0.05219605346912794
0 0.17171161254815628 0.5528325907065563 0.29058888277380296 0.05155951623169955
0 0.17859108420473307 0.6464035646085295 0.3043478260869565 0.04010184595798854
0 0.14722069345074298 0.733609166136219 0.23390203632361034 0.05155951623169955
0 0.19675288937809576 0.8271801400381922 0.33516785910842045 0.042647994907702096
0 0.14914694551458446 0.9105665181413112 0.24325811777655476 0.047740292807129214
0 0.5465052283984589 0.4598981540420114 0.10676940011007155 0.05537873965626989
0 0.550357732526142 0.5509229789942711 0.10897083104017612 0.052832590706556326
0 0.5445789763346175 0.639083386378103 0.1128233351678591 0.05219605346912794
0 0.5495321959273528 0.733609166136219 0.10511832691249312 0.05155951623169955
0 0.5536598789212989 0.825270528325907 0.11227297743533296 0.04901336728198599
0 0.5465052283984589 0.9112030553787396 0.09135938359933957 0.05155951623169955
0 0.9124931205283434 0.4598981540420114 0.09906439185470556 0.04901336728198599
0 0.8858007705008255 0.5553787396562698 0.14254265272427077 0.05028644175684277
0 0.8780957622454595 0.6454487587523869 0.1623555310952119 0.05601527689369828
0 0.8794716565767748 0.7342457033736473 0.15960374243258119 0.05665181413112667
0 0.8822234452394055 0.8313176320814767 0.15630159603742433 0.05219605346912794
0 0.8698403962575674 0.9096117122851686 0.15575123830489818 0.0547422024188415
4 0.07429829389102917 0.09038828771483132 0.07705008255365987 0.08784213876511775
4 0.7705008255365987 0.09898154042011457 0.04182718767198679 0.046467218332272436
4 0.9463401210787011 0.09802673456397198 0.04127682993946065 0.0547422024188415
4 0.8602091359383599 0.0967536600891152 0.044028618602091354 0.04964990451941438
