0 0.23885525591634563 0.04246575342465753 0.20143093010456797 0.030136986301369864
0 0.2782058337919648 0.07240704500978473 0.2801320858558063 0.026614481409001956
0 0.18134287286736378 0.1238747553816047 0.3164556962025316 0.02700587084148728
0 0.11612548156301596 0.15362035225048923 0.17611447440836542 0.030136986301369864
0 0.5093560814529444 0.22661448140900195 0.2294991744634012 0.04696673189823875
0 0.08943313153549808 0.30724070450097846 0.10731975784259769 0.039921722113502936
0 0.8134287286736378 0.3050880626223092 0.275178866263071 0.03561643835616438
0 0.13979086406164007 0.3949119373776908 0.2201430930104568 0.041487279843444226
0 0.14446890478811228 0.4553816046966732 0.21408915795266922 0.03718199608610567
0 0.1414419372592185 0.5164383561643836 0.20143093010456797 0.04031311154598826
0 0.14061640066042927 0.5784735812133073 0.19977985690698954 0.03444227005870842
0 0.16895982388552558 0.638747553816047 0.25316455696202533 0.03913894324853229
0 0.15685195376995045 0.6954990215264188 0.24876169510181617 0.03913894324853229
0 0.16730875068794715 0.7579256360078278 0.259768849752339 0.033268101761252444
0 0.15244909190974132 0.8160469667318982 0.24215740231150246 0.03131115459882583
0 0.13428728673637863 0.8780821917808219 0.20253164556962025 0.03718199608610567
0 0.09246009906439186 0.9373776908023483 0.12878370941111722 0.03913894324853229
4 0.07374793615850303 0.056164383561643834 0.0759493670886076 0.052837573385518595
4 0.7710511832691249 0.061252446183953035 0.04292790313703907 0.031702544031311154
4 0.9455145844799119 0.06046966731898239 0.04292790313703907 0.031702544031311154
4 0.860759493670886 0.059882583170254404 0.04292790313703907 0.03287671232876713
