0 0.24105668684645018 0.0747978436657682 0.20363236103467253 0.04986522911051213
0 0.2735277930654926 0.1266846361185984 0.27077600440286187 0.04986522911051213
0 0.1081452944413869 0.24528301886792453 0.13263621353880023 0.05390835579514825
0 0.1728123280132086 0.36590296495956875 0.21574023115024765 0.03773584905660378
0 0.15905338470005503 0.4127358490566038 0.1838194826637314 0.05188679245283019
0 0.139515685195377 0.5154986522911051 0.14364336818932305 0.030997304582210245
0 0.13483764446890478 0.5596361185983828 0.13428728673637863 0.0330188679245283
0 0.19950467804072647 0.6276954177897575 0.2702256466703357 0.0330188679245283
0 0.4152449091909741 0.6681266846361187 0.6984039625756742 0.03840970350404313
0 0.10924600990643918 0.7921159029649596 0.085305448541552 0.03840970350404313
4 0.07429829389102917 0.09568733153638814 0.07705008255365987 0.09299191374663074
4 0.7705008255365987 0.10545822102425877 0.04182718767198679 0.0545822102425876
4 0.9449642267473858 0.10276280323450135 0.04182718767198679 0.0545822102425876
4 0.860759493670886 0.1007412398921833 0.045129334067143645 0.05862533692722372
