4 0.07347275729223995 0.10881226053639848 0.07429829389102917 0.10574712643678161
4 0.7688497523390203 0.11800766283524905 0.040726472206934504 0.05670498084291188
4 0.8588332416070446 0.11954022988505747 0.0445789763346175 0.06436781609195402
4 0.9455145844799119 0.11992337164750959 0.03302146395156852 0.06666666666666667
0 0.23940561364887175 0.08773946360153256 0.1992294991744634 0.05440613026819924
0 0.2718767198679141 0.14597701149425288 0.26417171161254815 0.03601532567049809
0 0.11254815630159604 0.28122605363984676 0.14914694551458446 0.05823754789272031
0 0.27682993946064943 0.44482758620689655 0.41276829939460646 0.09272030651340997
0 0.1763896532746285 0.589272030651341 0.21849201981287836 0.04291187739463602
0 0.10924600990643918 0.653256704980843 0.07760044028618601 0.05440613026819924
0 0.18849752339020362 0.7578544061302682 0.23940561364887175 0.03831417624521073
0 0.09548706659328564 0.8256704980842912 0.053384700055035775 0.055938697318007664
0 0.7721518987341772 0.5915708812260536 0.2509631260319207 0.03831417624521073
0 0.755916345624656 0.7601532567049809 0.22179416620803521 0.03831417624521073
0 0.686296092460099 0.6544061302681993 0.07925151348376444 0.05670498084291188
0 0.6725371491469455 0.8245210727969349 0.0550357732526142 0.05363984674329502
