0 0.24380847550908089 0.06296296296296296 0.21133736929003852 0.04615384615384615
0 0.27572922399559713 0.10997150997150996 0.275178866263071 0.036467236467236465
0 0.11227297743533296 0.20997150997150996 0.14639515685195376 0.04501424501424501
0 0.2066593285635663 0.3384615384615384 0.2856356631810677 0.07407407407407407
0 0.13483764446890478 0.40997150997150994 0.16180517336268574 0.04273504273504273
0 0.7154650522839846 0.33447293447293447 0.3368189323059989 0.07293447293447293
0 0.5987892129884425 0.4111111111111111 0.10787011557512383 0.038176638176638175
0 0.13291139240506328 0.5658119658119658 0.15354980737479362 0.056980056980056974
0 0.6799669785360484 0.5578347578347578 0.263621353880022 0.07293447293447293
0 0.1224545954870666 0.6378917378917378 0.12603192074848651 0.035897435897435895
0 0.6249312052834343 0.6361823361823361 0.15134837644468904 0.037037037037037035
0 0.19592735277930654 0.784045584045584 0.2729774353329664 0.06951566951566951
0 0.10594386351128234 0.8589743589743589 0.10181618051733626 0.038176638176638175
4 0.07292239955971382 0.08176638176638176 0.07429829389102917 0.08034188034188033
4 0.7724270776004403 0.08774928774928774 0.040176114474408366 0.0433048433048433
4 0.9468904788112272 0.08803418803418803 0.040176114474408366 0.04615384615384615
4 0.8613098514034122 0.08831908831908832 0.044028618602091354 0.04672364672364672
