0 0.2407815079801871 0.12596259625962597 0.19757842597688496 0.0693069306930693
0 0.2738029719317556 0.20627062706270627 0.26582278481012656 0.0671067106710671
0 0.2798569069895432 0.4037403740374037 0.4881673087506879 0.0946094609460946
0 0.1574023115024766 0.5984598459845984 0.057237204182718764 0.055005500550055
0 0.6114474408365438 0.5984598459845984 0.22454595487066592 0.0748074807480748
0 0.15382498624105667 0.764026402640264 0.09080902586681343 0.1265126512651265
0 0.6064942212438085 0.7321232123212321 0.2927903137039075 0.0781078107810781
0 0.6059438635112823 0.8135313531353134 0.2872867363786461 0.08250825082508251
4 0.07374793615850303 0.15896589658965896 0.0759493670886076 0.1551155115511551
4 0.7702256466703357 0.1694169416941694 0.0445789763346175 0.0924092409240924
4 0.9457897633461749 0.16666666666666666 0.036873968079251515 0.09350935093509351
4 0.860484314804623 0.1672167216721672 0.0445789763346175 0.0924092409240924
