4 0.07347275729223995 0.15233545647558386 0.07429829389102917 0.1475583864118896
4 0.7696752889378096 0.16348195329087048 0.04237754540451293 0.08067940552016985
4 0.8593835993395706 0.16348195329087048 0.04678040726472207 0.09341825902335456
4 0.9457897633461749 0.16295116772823778 0.04237754540451293 0.1008492569002123
0 0.2694001100715465 0.15711252653927812 0.2592184920198129 0.14437367303609341
0 0.24518436984039624 0.3911889596602972 0.4144193725921849 0.0881104033970276
0 0.1934507429829389 0.6098726114649682 0.12603192074848651 0.06900212314225053
0 0.49862410566868465 0.60828025477707 0.09246009906439186 0.04670912951167728
0 0.8029719317556412 0.6050955414012739 0.08585580627407814 0.059447983014861996
0 0.19565217391304346 0.7781316348195328 0.11502476609796368 0.11252653927813164
0 0.4977985690698954 0.7845010615711252 0.04567969179966978 0.12526539278131635
0 0.8059988992845349 0.779723991507431 0.11502476609796368 0.12208067940552017
