0 0.24215740231150246 0.08659003831417625 0.19702806824435884 0.05363984674329502
0 0.26774903687396806 0.1467432950191571 0.2592184920198129 0.06206896551724138
0 0.19455145844799118 0.285823754789272 0.3065492570170611 0.07969348659003832
0 0.1791414419372592 0.4379310344827586 0.17006053935057788 0.06666666666666667
0 0.49642267473858004 0.4409961685823755 0.14749587231700606 0.05134099616858238
0 0.8126031920748487 0.4360153256704981 0.18657127132636214 0.06130268199233717
0 0.19482663731425426 0.5616858237547893 0.14199229499174462 0.10114942528735632
0 0.49834892680242154 0.5620689655172414 0.13813979086406164 0.10038314176245211
0 0.8040726472206934 0.5544061302681993 0.12107870115575123 0.1049808429118774
0 0.17804072647220692 0.7475095785440613 0.28233351678591084 0.05747126436781609
0 0.4988992845349477 0.7494252873563219 0.3010456796917997 0.052107279693486594
0 0.8126031920748487 0.746360153256705 0.25371491469455143 0.05517241379310345
0 0.18574573472757291 0.8681992337164751 0.13263621353880023 0.11494252873563218
0 0.5022014309301045 0.8727969348659004 0.13483764446890478 0.09655172413793103
0 0.8057237204182719 0.8708812260536398 0.13538800220143093 0.09118773946360154
4 0.07429829389102917 0.10804597701149425 0.07705008255365987 0.10574712643678161
4 0.771326362135388 0.11954022988505747 0.040176114474408366 0.05823754789272031
4 0.9449642267473858 0.11647509578544062 0.035222894881673086 0.06436781609195402
4 0.8610346725371492 0.11685823754789272 0.04788112272977435 0.06513409961685825
