4 0.07264722069345074 0.0945142101784534 0.0759493670886076 0.09120951751487111
4 0.7705008255365987 0.1014540647719762 0.044028618602091354 0.050892267019167214
4 0.8602091359383599 0.10244547257105088 0.045129334067143645 0.05684071381361533
4 0.9433131535498074 0.1001321877065433 0.040726472206934504 0.05750165234633179
0 0.26774903687396806 0.09847984137475214 0.2625206384149697 0.08724388631857237
0 0.209411117226197 0.2432253800396563 0.352779306549257 0.058162590879048244
0 0.13346175013758943 0.37739590218109714 0.19757842597688496 0.05023132848645076
0 0.8830489818381948 0.37673496364838066 0.17776554760594385 0.04758757435558493
0 0.6788662630709962 0.3734302709847984 0.14914694551458446 0.04758757435558493
0 0.4697303247110622 0.37541308658294775 0.19757842597688496 0.05023132848645076
0 0.0957622454595487 0.4844679444811632 0.1298844248761695 0.046265697290152015
0 0.1271326362135388 0.8056840713813614 0.18712162905888827 0.046265697290152015
0 0.1565767749036874 0.6949768671513549 0.2515134837644469 0.0495703899537343
0 0.1375894331315355 0.5922009253139457 0.2124380847550908 0.048909451421017845
0 0.1518987341772152 0.9137475214805023 0.23555310952118877 0.04692663582286847
0 0.4598238855255916 0.47653668208856576 0.056686846450192625 0.046265697290152015
0 0.4570720968629609 0.9068076668869794 0.056686846450192625 0.046265697290152015
0 0.45762245459548706 0.8023793787177792 0.056686846450192625 0.046265697290152015
0 0.45652173913043476 0.6926635822868473 0.056686846450192625 0.046265697290152015
0 0.4570720968629609 0.5862524785194977 0.056686846450192625 0.046265697290152015
0 0.8813979086406164 0.914738929279577 0.056686846450192625 0.046265697290152015
0 0.674463401210787 0.9114342366159947 0.056686846450192625 0.046265697290152015
0 0.875894331315355 0.8089887640449438 0.056686846450192625 0.046265697290152015
0 0.6728123280132086 0.8056840713813614 0.056686846450192625 0.046265697290152015
0 0.8747936158503027 0.6953073364177131 0.056686846450192625 0.046265697290152015
0 0.6733626857457347 0.6959682749504296 0.056686846450192625 0.046265697290152015
0 0.8791964777105118 0.5902181097157964 0.056686846450192625 0.046265697290152015
0 0.6728123280132086 0.5862524785194977 0.056686846450192625 0.046265697290152015
0 0.8769950467804072 0.48248512888301387 0.056686846450192625 0.046265697290152015
0 0.6739130434782609 0.4785194976867151 0.056686846450192625 0.046265697290152015
