0 0.17831590533847 0.08997632202052092 0.08365437534397357 0.056827150749802685
0 0.2718767198679141 0.14759273875295975 0.2608695652173913 0.0489344909234412
0 0.3073747936158503 0.25887924230465664 0.5586130985140341 0.06156274664561957
0 0.07512383048981838 0.39739542225730073 0.05888827738029719 0.056037884767166535
0 0.28481012658227844 0.39936858721389107 0.14474408365437533 0.05998421468034728
0 0.902861860209136 0.39857932123125495 0.053384700055035775 0.055248618784530384
0 0.09796367638965327 0.5540647198105761 0.10456796917996697 0.05998421468034728
0 0.0996147495872317 0.6661404893449092 0.10126582278481013 0.05998421468034728
0 0.09548706659328564 0.7730860299921073 0.10401761144744083 0.06708760852407261
0 0.09603742432581178 0.8859510655090765 0.10842047330764996 0.06077348066298342
0 0.48293891029168956 0.5564325177584846 0.5277930654925701 0.07261247040252565
0 0.48238855255916346 0.664561957379637 0.5321959273527793 0.06945540647198106
0 0.4413869014859659 0.7778216258879243 0.4402861860209136 0.062352012628255724
0 0.4270776004402862 0.8879242304656669 0.4193725921849202 0.05209155485398579
0 0.9163456246560264 0.5528808208366219 0.04182718767198679 0.04498816101026046
0 0.9157952669235002 0.6673243883188634 0.03962575674188222 0.041831097079715863
0 0.9185470555861309 0.7750591949486977 0.04182718767198679 0.0489344909234412
0 0.9174463401210786 0.8891081294396211 0.03962575674188222 0.049723756906077346
4 0.07292239955971382 0.11128650355169692 0.07429829389102917 0.10891870560378848
4 0.7705008255365987 0.122336227308603 0.04182718767198679 0.06629834254143646
4 0.9466152999449642 0.1207576953433307 0.04182718767198679 0.06629834254143646
4 0.860484314804623 0.12154696132596685 0.04567969179966978 0.06471981057616416
