0 0.17969179966978535 0.07753669432035738 0.07649972482113374 0.041480536056158264
0 0.27572922399559713 0.12061263560944481 0.26417171161254815 0.03318442884492662
0 0.2919647771051183 0.211869814932993 0.523390203632361 0.043395022335673265
0 0.11585030269675288 0.3219527760051053 0.13593835993395706 0.05807275047862157
0 0.3692900385250413 0.3286534779834078 0.16840946615299945 0.05615826419910658
0 0.6428178315905339 0.32291001914486284 0.1849201981287837 0.0446713465220166
0 0.6417171161254815 0.3216336949585195 0.1849201981287837 0.0446713465220166
0 0.8849752339020363 0.322590938098277 0.089157952669235 0.04403318442884493
0 0.06384149697303247 0.4473516273133376 0.03962575674188222 0.03828972559029994
0 0.06329113924050633 0.5309508615188259 0.03852504127682994 0.037013401403956606
0 0.06466703357182169 0.6142310146777282 0.030269675288937807 0.031269942565411615
0 0.06604292790313704 0.696553924696873 0.02531645569620253 0.03254626675175495
0 0.06851953769950468 0.7779195915762604 0.030269675288937807 0.02935545628589662
0 0.13841496973032472 0.4479897894065093 0.10401761144744083 0.03828972559029994
0 0.12025316455696203 0.5309508615188259 0.07319757842597688 0.037013401403956606
0 0.1364887176664832 0.6119974473516273 0.11227297743533296 0.03828972559029994
0 0.11915244909190974 0.6994256541161455 0.07539900935608145 0.03318442884492662
0 0.1373142542652724 0.7791959157626037 0.09741331865712713 0.035737077217613274
0 0.3057237204182719 0.4479897894065093 0.04237754540451293 0.04594767070835993
0 0.3148046230049532 0.5303126994256542 0.04623004953219593 0.04211869814932993
0 0.31700605393505776 0.6088066368857691 0.05943863511282333 0.0408423739629866
0 0.3090258668134287 0.6949585194639439 0.048981838194826634 0.04722399489470326
0 0.3093010456796918 0.7811104020421188 0.04623004953219593 0.0446713465220166
0 0.5762245459548706 0.44830887045309514 0.0550357732526142 0.041480536056158264
0 0.5781507980187122 0.5309508615188259 0.0511832691249312 0.0408423739629866
0 0.5740231150247661 0.6142310146777282 0.04623004953219593 0.04020421186981494
0 0.5674188222344524 0.692724952137843 0.03852504127682994 0.037651563497128275
0 0.5687947165657677 0.7769623484365029 0.03577325261419923 0.041480536056158264
0 0.9061640066042927 0.4460753031269943 0.04237754540451293 0.035737077217613274
0 0.9078150798018711 0.5299936183790683 0.0511832691249312 0.03892788768347161
0 0.9111172261970281 0.6132737715379707 0.0445789763346175 0.03828972559029994
0 0.9135938359933957 0.6930440331844289 0.031920748486516236 0.037013401403956606
0 0.918822234452394 0.7785577536694321 0.03467253714914694 0.037013401403956606
0 0.09383599339570721 0.8835354179961711 0.08200330214639516 0.05041480536056159
0 0.3112272977435333 0.8857689853222719 0.052283984589983484 0.037013401403956606
0 0.5726472206934508 0.8892788768347161 0.048981838194826634 0.041480536056158264
0 0.903137039075399 0.8886407147415444 0.06384149697303247 0.042756860242501596
4 0.07429829389102917 0.09093809827696235 0.0748486516235553 0.0874282067645182
4 0.7710511832691249 0.09859604339502234 0.04292790313703907 0.05169112954690492
4 0.9474408365437534 0.09700063816209317 0.032471106219042374 0.054881940012763246
4 0.860759493670886 0.09731971920867902 0.045129334067143645 0.05424377791959158
