0 0.17941662080352228 0.10392506690454952 0.07044578976334617 0.05798394290811775
0 0.2694001100715465 0.1681534344335415 0.26582278481012656 0.04727921498661909
0 0.15024766097963677 0.2939339875111508 0.23775454045129332 0.06690454950936664
0 0.2545404512933407 0.5156110615521856 0.30875068794716565 0.0767172167707404
0 0.7339020363236103 0.5173951828724354 0.3384700055035773 0.09812667261373774
0 0.2542652724270776 0.7586975914362177 0.10456796917996697 0.11150758251561106
0 0.7355531095211888 0.7604817127564675 0.10511832691249312 0.11507582515611062
4 0.7718767198679142 0.13916146297948262 0.0445789763346175 0.07314897413024087
4 0.9479911942762795 0.13737734165923282 0.0445789763346175 0.07314897413024087
4 0.860484314804623 0.13559322033898305 0.0445789763346175 0.07314897413024087
4 0.07374793615850303 0.12578055307760927 0.0759493670886076 0.12310437109723461
