0 0.1755641166758393 0.11585365853658537 0.0682443588332416 0.06504065040650407
0 0.26967528893780957 0.18648373983739838 0.259768849752339 0.0660569105691057
0 0.09988992845349477 0.33384146341463417 0.14474408365437533 0.0660569105691057
0 0.1791414419372592 0.6077235772357724 0.1062190423775454 0.1402439024390244
0 0.4903687396807925 0.6082317073170732 0.08365437534397357 0.13922764227642279
0 0.8093010456796917 0.6016260162601627 0.07429829389102917 0.14634146341463417
0 0.17886626307099615 0.7987804878048781 0.19262520638414968 0.06097560975609757
0 0.4953219592735278 0.7972560975609757 0.1166758392955421 0.0660569105691057
0 0.8087506879471656 0.7997967479674798 0.09631260319207484 0.05487804878048781
4 0.07429829389102917 0.14583333333333334 0.0748486516235553 0.13922764227642279
4 0.7702256466703357 0.15243902439024393 0.0445789763346175 0.07723577235772358
4 0.9466152999449642 0.1554878048780488 0.04292790313703907 0.08739837398373984
4 0.8621353880022014 0.15497967479674798 0.04567969179966978 0.08638211382113822
