0 0.13960703205791108 0.09242618741976893 0.20475698035160292 0.05391527599486521
0 0.2528438469493278 0.17201540436456994 0.19751809720785937 0.05134788189987163
0 0.4819027921406412 0.25609756097560976 0.6514994829369184 0.10397946084724004
0 0.07394002068252327 0.3613607188703466 0.07755946225439504 0.05776636713735558
0 0.11065149948293693 0.47240051347881895 0.14477766287487073 0.05391527599486521
0 0.10806618407445709 0.5308087291399229 0.13547052740434334 0.04749679075738125
0 0.5491209927611169 0.38831835686777916 0.7052740434332989 0.09370988446726572
0 0.3769389865563599 0.4781771501925545 0.35884177869700107 0.044929396662387676
0 0.23371251292657705 0.5410783055198972 0.07032057911065151 0.055198973042362
0 0.13081695966907964 0.6219512195121951 0.19338159255429163 0.05263157894736842
0 0.3707342295760083 0.6264441591784339 0.26370217166494314 0.056482670089858786
0 0.13702171664943125 0.70795892169448 0.20992761116856257 0.05263157894736842
0 0.5594622543950363 0.8093709884467265 0.6059979317476732 0.25288831835686776
4 0.08945191313340228 0.20025673940949934 0.08169596690796278 0.10269576379974325
