0 0.3723958333333333 0.06756756756756757 0.6649305555555555 0.06142506142506143
0 0.2907986111111111 0.16216216216216217 0.532986111111111 0.05896805896805897
0 0.7769097222222222 0.16031941031941033 0.38715277777777773 0.04791154791154791
0 0.6918402777777778 0.28746928746928746 0.49826388888888884 0.14496314496314497
0 0.5182291666666666 0.48402948402948404 0.7170138888888888 0.09090909090909091
0 0.556423611111111 0.613022113022113 0.796875 0.11547911547911548
0 0.515625 0.7272727272727273 0.7152777777777778 0.09828009828009827
0 0.6458333333333333 0.8409090909090909 0.3958333333333333 0.05528255528255528
4 0.15277777777777776 0.3028255528255528 0.2569444444444444 0.18304668304668303
4 0.06510416666666666 0.46621621621621623 0.08506944444444443 0.060196560196560195
4 0.1519097222222222 0.9023341523341523 0.2586805555555555 0.18058968058968058
