0 0.29014084507042254 0.10649819494584838 0.27042253521126763 0.06137184115523466
0 0.38732394366197187 0.16606498194945848 0.47042253521126765 0.06498194945848376
0 0.11830985915492959 0.2545126353790614 0.16901408450704225 0.06859205776173286
0 0.3563380281690141 0.351985559566787 0.6338028169014085 0.06859205776173286
0 0.11549295774647889 0.6642599277978339 0.12394366197183099 0.06498194945848376
0 0.2690140845070423 0.6949458483754513 0.13802816901408452 0.11191335740072203
0 0.4197183098591549 0.720216606498195 0.13521126760563382 0.16967509025270758
0 0.5704225352112676 0.720216606498195 0.1267605633802817 0.19133574007220217
0 0.719718309859155 0.7184115523465704 0.13802816901408452 0.1732851985559567
0 0.8704225352112677 0.7057761732851986 0.12394366197183099 0.1263537906137184
3 0.11830985915492959 0.8790613718411553 0.16901408450704225 0.09747292418772563
4 0.11126760563380282 0.5288808664259927 0.1267605633802817 0.1624548736462094
4 0.7140845070422536 0.5324909747292419 0.1267605633802817 0.1624548736462094
4 0.5647887323943662 0.5324909747292419 0.1267605633802817 0.1624548736462094
4 0.4126760563380282 0.5288808664259927 0.1267605633802817 0.1624548736462094
4 0.2605633802816902 0.5324909747292419 0.1267605633802817 0.1624548736462094
4 0.8633802816901409 0.536101083032491 0.1267605633802817 0.1624548736462094
4 0.0971830985915493 0.13537906137184116 0.09295774647887324 0.13357400722021662
