0 0.332089552238806 0.09248554913294797 0.5646766169154229 0.07514450867052022
0 0.27238805970149255 0.17774566473988437 0.24129353233830844 0.04913294797687861
0 0.3656716417910448 0.226878612716763 0.4079601990049751 0.05491329479768786
0 0.32587064676616917 0.315028901734104 0.5074626865671642 0.06358381502890173
0 0.10323383084577115 0.5664739884393063 0.1318407960199005 0.06358381502890173
0 0.08830845771144279 0.6286127167630058 0.08706467661691542 0.04913294797687861
0 0.1455223880597015 0.6907514450867052 0.19651741293532338 0.05202312138728323
0 0.13059701492537312 0.7456647398843931 0.16666666666666666 0.05202312138728323
0 0.3644278606965174 0.5736994219653179 0.2263681592039801 0.06069364161849711
0 0.3246268656716418 0.6372832369942196 0.14676616915422885 0.04913294797687861
0 0.3669154228855721 0.6936416184971098 0.2263681592039801 0.05202312138728323
0 0.3233830845771144 0.75 0.13432835820895522 0.05491329479768786
3 0.1691542288557214 0.8294797687861272 0.23383084577114427 0.08670520231213873
