2 0.120817843866171 0.07085828343313373 0.1524163568773234 0.06586826347305388
2 0.12267657992565055 0.24151696606786424 0.15985130111524162 0.06387225548902195
2 0.12453531598513011 0.41017964071856283 0.15985130111524162 0.06187624750499002
2 0.11988847583643122 0.5778443113772455 0.1691449814126394 0.06187624750499002
2 0.11617100371747212 0.7425149700598802 0.16171003717472118 0.05988023952095808
0 0.10594795539033457 0.13972055888223553 0.13382899628252787 0.04391217564870259
0 0.09944237918215613 0.312375249500998 0.10966542750929367 0.05389221556886227
0 0.10408921933085502 0.4790419161676646 0.13011152416356878 0.04790419161676646
0 0.10315985130111524 0.6487025948103792 0.11338289962825278 0.0558882235528942
0 0.10223048327137546 0.8143712574850299 0.11152416356877323 0.0558882235528942
0 0.904275092936803 0.07984031936127745 0.11338289962825278 0.05988023952095808
0 0.904275092936803 0.24750499001996007 0.11710037174721188 0.06786427145708582
0 0.9052044609665427 0.41017964071856283 0.12267657992565055 0.06187624750499002
0 0.9070631970260222 0.5788423153692615 0.12267657992565055 0.0558882235528942
0 0.9061338289962825 0.748502994011976 0.120817843866171 0.05189620758483034
3 0.1403345724907063 0.903193612774451 0.20631970260223048 0.09381237524950099
