0 0.25833333333333336 0.07837301587301587 0.45 0.06547619047619047
0 0.3277777777777778 0.1746031746031746 0.5851851851851853 0.10317460317460317
0 0.30833333333333335 0.2857142857142857 0.5574074074074075 0.0873015873015873
0 0.12222222222222223 0.36408730158730157 0.1851851851851852 0.0496031746031746
0 0.13425925925925927 0.4474206349206349 0.17592592592592593 0.06547619047619047
0 0.12962962962962962 0.5367063492063492 0.20740740740740743 0.06944444444444445
0 0.2518518518518519 0.6190476190476191 0.4 0.051587301587301584
0 0.15925925925925927 0.7063492063492063 0.26296296296296295 0.05555555555555555
0 0.15925925925925927 0.7867063492063492 0.2111111111111111 0.057539682539682536
3 0.49722222222222223 0.8938492063492063 0.9388888888888889 0.12896825396825395
4 0.8027777777777778 0.2589285714285714 0.29814814814814816 0.4226190476190476
