2 0.16856492027334852 0.08835758835758836 0.22779043280182232 0.08108108108108109
2 0.1583143507972665 0.2567567567567568 0.19362186788154898 0.060291060291060294
2 0.16514806378132119 0.42203742203742206 0.22095671981776766 0.06652806652806653
2 0.16514806378132119 0.5935550935550936 0.2072892938496583 0.06860706860706861
2 0.15717539863325738 0.7557172557172558 0.20045558086560364 0.06860706860706861
0 0.13439635535307518 0.16424116424116425 0.14123006833712984 0.0498960498960499
0 0.14123006833712984 0.33367983367983367 0.15489749430523916 0.04365904365904366
0 0.12528473804100226 0.5031185031185031 0.1366742596810934 0.04573804573804574
0 0.13097949886104782 0.6715176715176716 0.13439635535307518 0.0498960498960499
0 0.13325740318906606 0.8357588357588358 0.1480637813211845 0.0498960498960499
0 0.8952164009111617 0.08523908523908524 0.15034168564920272 0.062370062370062374
0 0.8952164009111617 0.25571725571725573 0.14578587699316628 0.058212058212058215
0 0.8952164009111617 0.41995841995842 0.15034168564920272 0.062370062370062374
0 0.8952164009111617 0.5956340956340956 0.15034168564920272 0.056133056133056136
0 0.89749430523918 0.760914760914761 0.14578587699316628 0.05405405405405406
3 0.5170842824601366 0.918918918918919 0.9202733485193622 0.10810810810810811
