0 0.505524861878453 0.06869009584664537 0.3259668508287293 0.054313099041533544
0 0.31860036832412525 0.13099041533546324 0.570902394106814 0.04472843450479233
0 0.3278084714548803 0.2979233226837061 0.56353591160221 0.052715654952076675
0 0.3416206261510129 0.5271565495207667 0.5948434622467772 0.054313099041533544
0 0.496316758747698 0.7539936102236422 0.2928176795580111 0.05750798722044728
3 0.1270718232044199 0.9193290734824281 0.1731123388581952 0.08466453674121405
3 0.30847145488029465 0.9185303514376997 0.17495395948434622 0.08626198083067092
1 0.10405156537753223 0.3514376996805112 0.12338858195211787 0.04153354632587859
1 0.11970534069981584 0.3945686900958466 0.14732965009208104 0.03514376996805112
1 0.1261510128913444 0.43051118210862616 0.16390423572744015 0.036741214057507986
2 0.10405156537753223 0.5782747603833865 0.12338858195211787 0.038338658146964855
2 0.1141804788213628 0.6174121405750799 0.15101289134438306 0.036741214057507986
2 0.1151012891344383 0.6589456869009584 0.14917127071823205 0.036741214057507986
2 0.4171270718232044 0.8178913738019169 0.7569060773480664 0.04472843450479233
