0 0.31403118040089084 0.060498220640569395 0.5256124721603563 0.05693950177935943
0 0.3184855233853007 0.297153024911032 0.5389755011135857 0.046263345195729534
0 0.29955456570155903 0.5346975088967971 0.5144766146993318 0.04804270462633452
1 0.22383073496659242 0.5836298932384342 0.31403118040089084 0.05338078291814946
1 0.30512249443207123 0.6343416370106761 0.4766146993318485 0.04804270462633452
1 0.3084632516703786 0.6797153024911031 0.47884187082405344 0.042704626334519574
1 0.3129175946547884 0.7206405693950177 0.4832962138084632 0.03914590747330961
1 0.31403118040089084 0.7615658362989324 0.4766146993318485 0.042704626334519574
1 0.3173719376391982 0.8104982206405693 0.5011135857461024 0.04804270462633452
3 0.17706013363028952 0.14768683274021352 0.25167037861915365 0.099644128113879
3 0.4454342984409799 0.14768683274021352 0.24498886414253895 0.099644128113879
3 0.20935412026726058 0.38167259786476865 0.311804008908686 0.10854092526690391
3 0.5189309576837416 0.3852313167259786 0.26726057906458794 0.10498220640569395
3 0.7951002227171492 0.3834519572953736 0.24498886414253895 0.10854092526690391
3 0.1792873051224944 0.8959074733096085 0.24276169265033407 0.10498220640569395
