0 0.10122699386503067 0.03873239436619719 0.17177914110429449 0.035211267605633804
0 0.1556748466257669 0.08157276995305164 0.2837423312883436 0.03403755868544601
0 0.5168711656441718 0.04225352112676056 0.18404907975460122 0.028169014084507043
0 0.5038343558282209 0.07746478873239437 0.12730061349693253 0.03990610328638498
0 0.6687116564417178 0.1396713615023474 0.49079754601226994 0.035211267605633804
0 0.1633435582822086 0.3943661971830986 0.29294478527607365 0.03286384976525822
0 0.20245398773006135 0.4477699530516432 0.3834355828220859 0.045774647887323945
0 0.49923312883435583 0.40199530516431925 0.15184049079754602 0.02699530516431925
0 0.6901840490797546 0.5205399061032864 0.5429447852760736 0.029342723004694836
0 0.5628834355828221 0.5897887323943662 0.27607361963190186 0.02699530516431925
0 0.6380368098159509 0.659037558685446 0.42638036809815955 0.03169014084507042
0 0.5107361963190185 0.7312206572769954 0.1411042944785276 0.10328638497652583
0 0.5544478527607362 0.8550469483568075 0.26533742331288346 0.036384976525821594
1 0.5782208588957055 0.17605633802816903 0.25460122699386506 0.025821596244131457
1 0.593558282208589 0.20774647887323944 0.2791411042944785 0.03286384976525822
1 0.6495398773006135 0.23767605633802819 0.39723926380368096 0.029342723004694836
1 0.5881901840490797 0.267018779342723 0.28680981595092025 0.02699530516431925
1 0.5690184049079755 0.29577464788732394 0.24846625766871167 0.03286384976525822
1 0.5674846625766872 0.3315727699530516 0.22699386503067484 0.036384976525821594
1 0.48006134969325154 0.5539906103286385 0.08588957055214724 0.03286384976525822
1 0.5973926380368099 0.5528169014084507 0.11809815950920245 0.035211267605633804
1 0.48236196319018404 0.6232394366197184 0.09049079754601227 0.03051643192488263
1 0.5966257668711656 0.6232394366197184 0.10429447852760737 0.035211267605633804
1 0.5720858895705522 0.8914319248826291 0.2668711656441718 0.03169014084507042
1 0.5429447852760736 0.9237089201877935 0.2116564417177914 0.028169014084507043
1 0.6817484662576687 0.9583333333333334 0.49846625766871167 0.03169014084507042
