0 0.08306188925081434 0.0397982062780269 0.15635179153094464 0.03923766816143498
0 0.04560260586319218 0.08183856502242152 0.05863192182410424 0.02914798206278027
0 0.38680781758957655 0.08744394618834081 0.11237785016286646 0.020179372197309416
0 0.6921824104234529 0.08295964125560538 0.0749185667752443 0.026905829596412557
3 0.495114006514658 0.9433856502242153 0.970684039087948 0.07511210762331838
1 0.05211726384364821 0.10762331838565023 0.07166123778501629 0.02914798206278027
1 0.06188925081433225 0.13565022421524664 0.09446254071661238 0.02466367713004484
1 0.06433224755700326 0.16199551569506726 0.10912052117263844 0.01905829596412556
1 0.057817589576547236 0.18834080717488788 0.08306188925081434 0.026905829596412557
1 0.05944625407166124 0.21300448430493274 0.10260586319218241 0.026905829596412557
1 0.055374592833876225 0.23878923766816143 0.09771986970684039 0.03139013452914798
1 0.05700325732899023 0.265695067264574 0.08794788273615635 0.02242152466367713
1 0.05700325732899023 0.29316143497757846 0.08794788273615635 0.023542600896860985
1 0.05944625407166124 0.3161434977578475 0.09283387622149837 0.02466367713004484
1 0.06840390879478828 0.34360986547085204 0.11400651465798047 0.025784753363228698
1 0.06270358306188925 0.36827354260089684 0.11563517915309447 0.030269058295964126
1 0.06433224755700326 0.3963004484304933 0.10260586319218241 0.023542600896860985
1 0.06758957654723127 0.4209641255605381 0.10912052117263844 0.030269058295964126
1 0.061074918566775244 0.8867713004484304 0.0993485342019544 0.02242152466367713
1 0.05944625407166124 0.8604260089686099 0.09283387622149837 0.028026905829596414
1 0.06026058631921825 0.8346412556053812 0.09120521172638436 0.023542600896860985
1 0.057817589576547236 0.8071748878923767 0.11237785016286646 0.026905829596412557
1 0.05863192182410424 0.7802690582959642 0.11726384364820848 0.026905829596412557
1 0.057817589576547236 0.7561659192825112 0.10912052117263844 0.030269058295964126
1 0.05618892508143323 0.7298206278026905 0.10912052117263844 0.02466367713004484
1 0.05863192182410424 0.7079596412556054 0.11074918566775245 0.025784753363228698
1 0.061074918566775244 0.6821748878923767 0.12214983713355049 0.028026905829596414
1 0.06188925081433225 0.6580717488789237 0.11726384364820848 0.02914798206278027
1 0.06351791530944625 0.6283632286995515 0.11074918566775245 0.025784753363228698
1 0.050488599348534204 0.6003363228699552 0.09446254071661238 0.025784753363228698
1 0.052931596091205214 0.5734304932735426 0.10586319218241043 0.028026905829596414
1 0.05863192182410424 0.5504484304932735 0.11726384364820848 0.02242152466367713
1 0.05863192182410424 0.5252242152466368 0.11726384364820848 0.025784753363228698
1 0.05618892508143323 0.49887892376681614 0.11237785016286646 0.026905829596412557
1 0.05618892508143323 0.4730941704035874 0.10586319218241043 0.026905829596412557
1 0.06596091205211727 0.4461883408071749 0.12214983713355049 0.02466367713004484
1 0.38517915309446255 0.3968609865470852 0.08306188925081434 0.02466367713004484
1 0.38436482084690554 0.37051569506726456 0.09120521172638436 0.028026905829596414
1 0.38436482084690554 0.3424887892376682 0.09120521172638436 0.025784753363228698
1 0.3729641693811075 0.312780269058296 0.09446254071661238 0.02466367713004484
1 0.3778501628664495 0.29091928251121074 0.11726384364820848 0.025784753363228698
1 0.36807817589576547 0.26289237668161436 0.08794788273615635 0.028026905829596414
1 0.3713355048859935 0.23878923766816143 0.09446254071661238 0.02242152466367713
1 0.3688925081433225 0.21188340807174888 0.07980456026058633 0.026905829596412557
1 0.3713355048859935 0.18497757847533633 0.08794788273615635 0.02466367713004484
1 0.3688925081433225 0.16143497757847533 0.08957654723127036 0.02466367713004484
1 0.36482084690553745 0.13621076233183857 0.08469055374592835 0.025784753363228698
1 0.36482084690553745 0.1132286995515695 0.08794788273615635 0.020179372197309416
1 0.7157980456026058 0.2679372197309417 0.12866449511400652 0.03139013452914798
1 0.7149837133550488 0.23710762331838564 0.13029315960912052 0.028026905829596414
1 0.7174267100977199 0.21132286995515695 0.13517915309446255 0.025784753363228698
1 0.7149837133550488 0.18721973094170402 0.14006514657980457 0.02466367713004484
1 0.7117263843648208 0.1625560538116592 0.14006514657980457 0.02242152466367713
1 0.7223127035830619 0.13733183856502243 0.15472312703583063 0.021300448430493273
1 0.7125407166123778 0.11042600896860987 0.13192182410423453 0.03475336322869955
