0 0.495945945945946 0.02677376171352075 0.4135135135135135 0.03480589022757697
0 0.13243243243243244 0.07161981258366801 0.13513513513513514 0.028112449799196786
0 0.16216216216216217 0.11713520749665328 0.1945945945945946 0.03078982597054886
0 0.11891891891891893 0.15930388219544844 0.10810810810810811 0.03480589022757697
0 0.12567567567567567 0.2034805890227577 0.12702702702702703 0.03480589022757697
0 0.16081081081081083 0.2570281124497992 0.1810810810810811 0.03480589022757697
0 0.15945945945945947 0.34605087014725566 0.1945945945945946 0.028112449799196786
0 0.16756756756756758 0.3908969210174029 0.2 0.029451137884872823
0 0.12702702702702703 0.4364123159303882 0.11351351351351352 0.0214190093708166
0 0.49864864864864866 0.4752342704149933 0.3648648648648649 0.0321285140562249
0 0.3324324324324325 0.5060240963855421 0.5513513513513514 0.029451137884872823
0 0.11891891891891893 0.5441767068273092 0.11891891891891893 0.028112449799196786
0 0.33783783783783783 0.5796519410977242 0.572972972972973 0.02677376171352075
0 0.3527027027027027 0.681392235609103 0.6189189189189189 0.02677376171352075
1 0.13648648648648648 0.6057563587684069 0.17567567567567569 0.022757697456492636
1 0.1391891891891892 0.6311914323962516 0.1864864864864865 0.020080321285140562
1 0.14459459459459462 0.6506024096385542 0.20810810810810812 0.018741633199464525
2 0.12027027027027028 0.7101740294511378 0.15945945945945947 0.025435073627844713
2 0.14324324324324325 0.7336010709504686 0.20540540540540542 0.013386880856760375
2 0.15000000000000002 0.7543507362784471 0.22432432432432434 0.017402945113788485
0 0.5 0.7817938420348058 0.2972972972972973 0.0321285140562249
3 0.5081081081081081 0.892904953145917 0.9243243243243244 0.0535475234270415
3 0.5067567567567568 0.9511378848728246 0.9270270270270271 0.060240963855421686
2 0.4310810810810811 0.8179384203480589 0.7648648648648649 0.03480589022757697
2 0.3540540540540541 0.8534136546184738 0.6216216216216217 0.025435073627844713
