0 0.2189384800965018 0.12553802008608322 0.3630880579010856 0.06456241032998565
0 0.20386007237635703 0.2453371592539455 0.3208685162846803 0.04878048780487805
0 0.14113389626055486 0.30559540889526543 0.1519903498190591 0.06599713055954089
0 0.15983112183353437 0.5007173601147776 0.22316043425814233 0.05738880918220947
0 0.10675512665862484 0.823529411764706 0.14113389626055486 0.05738880918220947
0 0.15259348612786489 0.8945480631276902 0.17973462002412544 0.061692969870875185
2 0.4909529553679131 0.3952654232424677 0.9288299155609167 0.09325681492109039
2 0.13027744270205066 0.5688665710186513 0.195416164053076 0.061692969870875185
2 0.16284680337756333 0.6370157819225252 0.25331724969843183 0.05738880918220947
2 0.13630880579010857 0.7015781922525108 0.18576598311218334 0.05738880918220947
