0 0.09572072072072071 0.13141993957703926 0.11036036036036036 0.0755287009063444
0 0.26463963963963966 0.2673716012084592 0.20045045045045046 0.09969788519637462
0 0.30292792792792794 0.4335347432024169 0.10585585585585586 0.09969788519637462
0 0.28153153153153154 0.5936555891238671 0.16666666666666666 0.09969788519637462
0 0.29617117117117114 0.7537764350453172 0.1373873873873874 0.08761329305135952
0 0.5157657657657657 0.270392749244713 0.17567567567567569 0.09969788519637462
0 0.509009009009009 0.42900302114803623 0.15315315315315314 0.07854984894259819
0 0.5078828828828829 0.5876132930513596 0.1463963963963964 0.08761329305135952
0 0.5033783783783784 0.7492447129909365 0.1644144144144144 0.07854984894259819
2 0.34459459459459457 0.8821752265861027 0.24324324324324323 0.1027190332326284
