2 0.11393805309734513 0.18304431599229287 0.1836283185840708 0.07321772639691715
2 0.11283185840707964 0.27360308285163776 0.18584070796460178 0.057803468208092484
2 0.12831858407079647 0.3631984585741811 0.22123893805309736 0.07514450867052024
2 0.1543141592920354 0.45472061657032753 0.28207964601769914 0.07707129094412331
2 0.15597345132743362 0.5529865125240848 0.2743362831858407 0.08477842003853564
2 0.15486725663716813 0.6551059730250481 0.2721238938053097 0.08863198458574181
2 0.1875 0.7630057803468208 0.33517699115044247 0.09633911368015415
2 0.24336283185840707 0.882466281310212 0.4469026548672566 0.13102119460500963
1 0.6006637168141593 0.18208092485549132 0.18805309734513273 0.0789980732177264
1 0.6039823008849557 0.27071290944123316 0.18805309734513273 0.07129094412331406
1 0.6133849557522124 0.3651252408477842 0.2245575221238938 0.08670520231213873
1 0.6415929203539823 0.4614643545279383 0.2654867256637168 0.08670520231213873
1 0.6460176991150443 0.5520231213872833 0.27876106194690264 0.0789980732177264
1 0.6482300884955752 0.6570327552986512 0.27876106194690264 0.09248554913294797
1 0.6703539823008849 0.7639691714836223 0.33185840707964603 0.09826589595375722
1 0.7262168141592921 0.8892100192678227 0.4435840707964602 0.12909441233140656
0 0.14214601769911503 0.06454720616570328 0.24668141592920353 0.0674373795761079
