0 0.18922305764411027 0.0426731078904992 0.3032581453634085 0.04669887278582931
0 0.29949874686716793 0.14814814814814814 0.5388471177944862 0.13848631239935588
0 0.2556390977443609 0.27053140096618356 0.45112781954887216 0.0322061191626409
0 0.13909774436090225 0.32608695652173914 0.15789473684210525 0.037037037037037035
0 0.2606516290726817 0.38003220611916266 0.44611528822055135 0.03542673107890499
0 0.13909774436090225 0.42914653784219003 0.18295739348370926 0.033816425120772944
0 0.15664160401002505 0.4806763285024155 0.24812030075187969 0.030595813204508857
0 0.20676691729323307 0.533011272141707 0.2932330827067669 0.03542673107890499
0 0.20300751879699247 0.5885668276972624 0.3508771929824561 0.033816425120772944
0 0.16541353383458646 0.6368760064412239 0.21052631578947367 0.043478260869565216
3 0.14160401002506265 0.9380032206119162 0.22305764411027568 0.06280193236714976
2 0.14536340852130325 0.6916264090177133 0.21052631578947367 0.043478260869565216
2 0.18170426065162906 0.7359098228663447 0.2932330827067669 0.04186795491143317
2 0.17543859649122806 0.7801932367149759 0.2857142857142857 0.037037037037037035
2 0.18421052631578946 0.8252818035426731 0.2882205513784461 0.040257648953301126
