0 0.17688022284122562 0.06747404844290658 0.298050139275766 0.06574394463667821
0 0.383008356545961 0.14878892733564014 0.21448467966573817 0.05536332179930796
0 0.4178272980501393 0.20934256055363323 0.28969359331476324 0.06574394463667821
0 0.12256267409470752 0.5519031141868512 0.19498607242339833 0.058823529411764705
0 0.11002785515320335 0.6401384083044983 0.16991643454038996 0.04844290657439446
0 0.10724233983286909 0.6937716262975778 0.16991643454038996 0.051903114186851215
0 0.3022284122562674 0.6401384083044983 0.1977715877437326 0.04844290657439446
0 0.2799442896935933 0.6937716262975778 0.15877437325905291 0.051903114186851215
3 0.18245125348189414 0.9169550173010381 0.30919220055710306 0.11764705882352941
3 0.47493036211699163 0.9221453287197232 0.2646239554317549 0.11418685121107267
4 0.14484679665738162 0.3096885813148789 0.22841225626740946 0.3771626297577855
