0 0.11299435028248588 0.028056112224448895 0.20903954802259886 0.03206412825651302
0 0.10451977401129943 0.7404809619238476 0.10734463276836158 0.026052104208416832
0 0.18785310734463276 0.7695390781563125 0.2740112994350282 0.024048096192384766
0 0.17796610169491525 0.7975951903807614 0.2598870056497175 0.024048096192384766
0 0.1172316384180791 0.8236472945891783 0.1327683615819209 0.028056112224448895
0 0.4858757062146893 0.7414829659318637 0.327683615819209 0.028056112224448895
0 0.3686440677966102 0.7685370741482965 0.07627118644067797 0.022044088176352703
0 0.3644067796610169 0.7965931863727455 0.0790960451977401 0.026052104208416832
0 0.6045197740112994 0.8266533066132263 0.5706214689265536 0.03006012024048096
3 0.1694915254237288 0.9468937875751502 0.2711864406779661 0.06613226452905811
4 0.4985875706214689 0.3957915831663326 0.884180790960452 0.6312625250501002
