0 0.2447089947089947 0.03619909502262444 0.44179894179894175 0.04072398190045249
0 0.09523809523809523 0.0995475113122172 0.13756613756613756 0.031674208144796386
0 0.3849206349206349 0.1742081447963801 0.6587301587301587 0.04524886877828055
0 0.10185185185185185 0.38914027149321273 0.18253968253968253 0.031674208144796386
0 0.1693121693121693 0.4626696832579186 0.23809523809523808 0.04298642533936652
0 0.09126984126984126 0.5361990950226245 0.15079365079365079 0.03619909502262444
3 0.16798941798941797 0.9389140271493214 0.2936507936507936 0.08597285067873305
1 0.1865079365079365 0.5984162895927603 0.3042328042328042 0.04298642533936652
1 0.17195767195767195 0.657239819004525 0.2751322751322751 0.047511312217194575
1 0.14814814814814814 0.7194570135746607 0.2328042328042328 0.031674208144796386
1 0.12433862433862433 0.7861990950226245 0.17989417989417988 0.038461538461538464
