0 0.32191780821917804 0.18235294117647058 0.5136986301369862 0.058823529411764705
0 0.5941780821917808 0.27450980392156865 0.2910958904109589 0.06274509803921569
0 0.625 0.34705882352941175 0.3527397260273972 0.06666666666666667
0 0.2842465753424657 0.3156862745098039 0.1232876712328767 0.12941176470588234
0 0.3732876712328767 0.27647058823529413 0.04794520547945205 0.058823529411764705
0 0.16095890410958902 0.503921568627451 0.11643835616438356 0.058823529411764705
0 0.3253424657534246 0.5058823529411764 0.10273972602739725 0.06274509803921569
0 0.4982876712328767 0.5058823529411764 0.11986301369863013 0.054901960784313725
0 0.6575342465753424 0.5058823529411764 0.11643835616438356 0.054901960784313725
0 0.821917808219178 0.5058823529411764 0.136986301369863 0.054901960784313725
0 0.1541095890410959 0.6901960784313725 0.0821917808219178 0.047058823529411764
0 0.3167808219178082 0.6901960784313725 0.07876712328767123 0.054901960784313725
0 0.48972602739726023 0.6901960784313725 0.07534246575342465 0.054901960784313725
0 0.6558219178082192 0.696078431372549 0.08561643835616438 0.058823529411764705
0 0.8270547945205479 0.696078431372549 0.07876712328767123 0.058823529411764705
0 0.1506849315068493 0.7509803921568627 0.07534246575342465 0.06666666666666667
0 0.3270547945205479 0.7627450980392156 0.09246575342465753 0.058823529411764705
0 0.48972602739726023 0.7549019607843137 0.07534246575342465 0.050980392156862744
0 0.6592465753424657 0.7627450980392156 0.09246575342465753 0.058823529411764705
0 0.8287671232876712 0.7607843137254902 0.0821917808219178 0.054901960784313725
0 0.21575342465753422 0.888235294117647 0.3013698630136986 0.06666666666666667
4 0.13013698630136986 0.3058823529411765 0.1232876712328767 0.10980392156862745
4 0.1541095890410959 0.5843137254901961 0.07534246575342465 0.0784313725490196
4 0.8287671232876712 0.5843137254901961 0.07534246575342465 0.0784313725490196
4 0.660958904109589 0.5843137254901961 0.07534246575342465 0.0784313725490196
4 0.4931506849315068 0.6 0.07534246575342465 0.0784313725490196
4 0.3253424657534246 0.6 0.07534246575342465 0.0784313725490196
