0 0.33937823834196895 0.09271523178807947 0.47150259067357514 0.046357615894039736
0 0.6398963730569949 0.2251655629139073 0.41968911917098445 0.07947019867549669
0 0.6839378238341969 0.29304635761589404 0.48704663212435234 0.04304635761589404
0 0.5181347150259068 0.3394039735099338 0.1761658031088083 0.04304635761589404
0 0.6606217616580311 0.45364238410596025 0.461139896373057 0.07947019867549669
0 0.6658031088082902 0.5198675496688742 0.48186528497409326 0.039735099337748346
0 0.22538860103626943 0.609271523178808 0.23316062176165803 0.039735099337748346
0 0.2538860103626943 0.6556291390728477 0.3212435233160622 0.039735099337748346
0 0.2150259067357513 0.7235099337748344 0.2227979274611399 0.04304635761589404
0 0.29533678756476683 0.7682119205298014 0.383419689119171 0.039735099337748346
0 0.41968911917098445 0.8162251655629139 0.6424870466321244 0.04966887417218543
0 0.1839378238341969 0.9221854304635762 0.18134715025906736 0.056291390728476824
0 0.805699481865285 0.9172185430463576 0.2538860103626943 0.0728476821192053
4 0.2590673575129534 0.2682119205298013 0.2383419689119171 0.17218543046357615
4 0.2590673575129534 0.4735099337748344 0.2383419689119171 0.17218543046357615
