0 0.3070175438596491 0.0826771653543307 0.4649122807017544 0.07874015748031496
0 0.5679824561403508 0.2755905511811024 0.43421052631578944 0.05511811023622047
0 0.4232456140350877 0.33858267716535434 0.14473684210526316 0.05511811023622047
0 0.17982456140350878 0.4822834645669291 0.22807017543859648 0.051181102362204724
0 0.20833333333333331 0.5374015748031497 0.2850877192982456 0.05905511811023622
0 0.1600877192982456 0.6259842519685039 0.17982456140350878 0.05511811023622047
0 0.24780701754385964 0.6850393700787402 0.3640350877192982 0.05511811023622047
0 0.3508771929824561 0.7519685039370079 0.5789473684210527 0.07086614173228346
0 0.1337719298245614 0.8838582677165354 0.15350877192982454 0.05905511811023622
0 0.8355263157894737 0.8838582677165354 0.18859649122807015 0.07480314960629922
4 0.20833333333333331 0.30118110236220474 0.13596491228070173 0.17716535433070865
