0 0.1495271867612293 0.0382960413080895 0.2470449172576832 0.04561101549053356
0 0.3250591016548463 0.2147160068846816 0.23167848699763594 0.04044750430292599
0 0.8658392434988179 0.20697074010327024 0.21867612293144206 0.03700516351118761
0 0.5786052009456265 0.2908777969018933 0.7364066193853428 0.09982788296041309
0 0.34929078014184395 0.49526678141135977 0.26122931442080377 0.0387263339070568
0 0.8646572104018913 0.48881239242685026 0.21394799054373523 0.04302925989672978
0 0.5691489361702128 0.5602409638554217 0.7174940898345153 0.07228915662650602
0 0.36465721040189125 0.7783993115318417 0.30851063829787234 0.03700516351118761
0 0.8687943262411347 0.7697934595524957 0.21749408983451535 0.042168674698795185
0 0.5809692671394799 0.8412220309810672 0.7316784869976359 0.07142857142857142
0 0.22990543735224586 0.9543889845094665 0.4148936170212766 0.0585197934595525
4 0.10933806146572103 0.24397590361445784 0.14302600472813237 0.10757314974182444
4 0.10874704491725767 0.8085197934595525 0.1442080378250591 0.10585197934595525
4 0.10933806146572103 0.5266781411359724 0.1453900709219858 0.10671256454388985
