0 0.1690871369294606 0.05533333333333333 0.3049792531120332 0.07066666666666667
0 0.25155601659751037 0.19933333333333333 0.17116182572614108 0.06
0 0.5181535269709544 0.19933333333333333 0.32053941908713696 0.05466666666666666
0 0.5606846473029046 0.2613333333333333 0.7894190871369294 0.064
0 0.2266597510373444 0.41133333333333333 0.12551867219917012 0.04933333333333333
0 0.4367219917012448 0.412 0.2572614107883817 0.050666666666666665
0 0.5575726141078838 0.488 0.803941908713693 0.088
0 0.23807053941908712 0.6346666666666666 0.1524896265560166 0.056
0 0.4460580912863071 0.638 0.23443983402489627 0.052
0 0.553941908713693 0.7213333333333333 0.7946058091286307 0.10933333333333332
3 0.11981327800829876 0.9073333333333333 0.1545643153526971 0.076
4 0.08765560165975103 0.23399999999999999 0.09854771784232365 0.12133333333333333
4 0.0845435684647303 0.45999999999999996 0.10477178423236515 0.13333333333333333
4 0.08609958506224066 0.6833333333333333 0.1078838174273859 0.13733333333333334
