0 0.129149377593361 0.039719626168224303 0.22717842323651452 0.05327102803738318
0 0.3355809128630705 0.042056074766355145 0.1483402489626556 0.04299065420560748
0 0.5513485477178424 0.15467289719626168 0.779045643153527 0.1
0 0.2157676348547718 0.28130841121495326 0.16804979253112035 0.04672897196261683
0 0.3013485477178423 0.3317757009345795 0.4636929460580913 0.041121495327102804
0 0.4175311203319502 0.38037383177570094 0.6877593360995851 0.04672897196261683
3 0.1312240663900415 0.9327102803738319 0.17531120331950206 0.048598130841121495
4 0.08506224066390042 0.15 0.1078838174273859 0.06822429906542056
4 0.0783195020746888 0.28037383177570097 0.09439834024896265 0.03364485981308411
4 0.262448132780083 0.6373831775700934 0.3921161825726141 0.3551401869158879
