0 0.12344398340248963 0.05676020408163265 0.2012448132780083 0.07015306122448979
0 0.41234439834024894 0.20854591836734693 0.774896265560166 0.1211734693877551
0 0.366701244813278 0.3711734693877551 0.21058091286307054 0.04591836734693877
0 0.5103734439834025 0.42474489795918363 0.495850622406639 0.0586734693877551
0 0.39574688796680496 0.5070153061224489 0.1545643153526971 0.057397959183673464
0 0.58298755186722 0.5102040816326531 0.13900414937759337 0.0510204081632653
0 0.07572614107883817 0.6243622448979591 0.1016597510373444 0.047193877551020405
0 0.09336099585062241 0.7091836734693877 0.16390041493775934 0.04591836734693877
0 0.3947095435684647 0.6262755102040816 0.40352697095435686 0.05357142857142857
0 0.5824688796680498 0.7570153061224489 0.7728215767634855 0.1415816326530612
0 0.18049792531120332 0.9177295918367346 0.2697095435684647 0.049744897959183666
0 0.5020746887966805 0.916454081632653 0.29045643153526973 0.0548469387755102
4 0.14367219917012447 0.44005102040816324 0.15871369294605808 0.19387755102040816
4 0.9123443983402489 0.20918367346938774 0.08817427385892117 0.11989795918367346
