0 0.11047717842323651 0.05024509803921569 0.17531120331950206 0.04656862745098039
0 0.3329875518672199 0.16911764705882354 0.33402489626556015 0.04656862745098039
0 0.4113070539419087 0.2469362745098039 0.4927385892116183 0.09191176470588235
0 0.36566390041493774 0.43995098039215685 0.20643153526970953 0.049019607843137254
0 0.33454356846473027 0.49203431372549017 0.1338174273858921 0.04044117647058824
0 0.3558091286307054 0.5416666666666666 0.18464730290456433 0.049019607843137254
0 0.7297717842323651 0.4424019607843137 0.254149377593361 0.04656862745098039
0 0.6675311203319502 0.4926470588235294 0.11929460580912864 0.041666666666666664
0 0.6856846473029046 0.5404411764705882 0.15975103734439833 0.051470588235294115
0 0.2204356846473029 0.664828431372549 0.16701244813278007 0.05759803921568627
0 0.49844398340248963 0.7506127450980392 0.9533195020746889 0.10416666666666667
0 0.08921161825726141 0.9221813725490196 0.0912863070539419 0.05759803921568627
0 0.245850622406639 0.9215686274509803 0.14315352697095435 0.06372549019607843
4 0.08402489626556017 0.19607843137254902 0.10580912863070539 0.12254901960784313
4 0.8895228215767634 0.2426470588235294 0.1462655601659751 0.19607843137254902
4 0.20228215767634855 0.48651960784313725 0.09336099585062241 0.10784313725490197
4 0.5425311203319502 0.48590686274509803 0.08713692946058091 0.10661764705882353
4 0.07935684647302904 0.6611519607843137 0.09439834024896265 0.03553921568627451
